Dataset:prokaryotic_Per0.1_Date:03-Aug-2025 14:19:21
0.56806	0.0061113	0.99456	3	8	0.01	4	0.085293	1001
1.1703e-16	9.1428e-19	0
0.56987	0.0078142	0.99456	3	8	0.01	8	0.12549	1001
0	1.8286e-18	0
0.53158	0.21321	0.75354	3	8	0.01	12	0.078285	1001
0.080264	0.065496	0.072129
0.56806	0.16023	0.80218	3	8	0.01	16	0.13794	1001
0.099622	0.11339	0.062718
0.58548	0.059336	0.94446	3	8	0.1	4	0.32054	1001
0.023071	0.080769	0.080654
0.56987	0.0078315	0.99456	3	8	0.1	8	0.44472	1001
0.00085554	0.00084425	0
0.5412	0.20673	0.77586	3	8	0.1	12	0.26273	1001
0.081658	0.085097	0.062027
0.54083	0.15976	0.84174	3	8	0.1	16	0.10998	1001
0.071493	0.064024	0.049892
0.58076	0.30605	0.73684	3	8	1	4	0.22342	1001
1.1703e-16	5.8514e-17	1.1703e-16
0.54555	0.16638	0.87985	3	8	1	8	0.46115	1001
0.062327	0.03864	0.031502
0.58784	0.1636	0.88221	3	8	1	12	0.24312	1001
0.076078	0.10087	0.03709
0.55299	0.16895	0.83884	3	8	1	16	0.48291	1001
0.092549	0.10388	0.059451
0.60563	0.28782	0.81942	3	8	10	4	0.13745	1001
0.001225	0.003452	0.0023036
0.51325	0.22608	0.68385	3	8	10	8	0.17471	1001
0.076286	0.038016	0.077425
0.61488	0.25729	0.83557	3	8	10	12	0.18057	1001
0.061841	0.076418	0.064326
0.60218	0.17153	0.8343	3	8	10	16	0.38671	1001
0.060362	0.087538	0.048458
0.62432	0.31493	0.78403	3	8	20	4	0.21317	1001
1.1703e-16	6.4099e-17	1.1703e-16
0.51652	0.25973	0.68475	3	8	20	8	0.086329	1001
0.06208	0.051332	0.041563
0.60309	0.26728	0.78312	3	8	20	12	0.094528	1001
0.057665	0.080683	0.04749
0.57005	0.16417	0.80454	3	8	20	16	0.23269	1001
0.04302	0.048952	0.080884
0.61924	0.30812	0.77895	3	8	50	4	0.14851	1001
0.00076522	0.0011575	0.00076522
0.45862	0.2129	0.64991	3	8	50	8	0.25199	1001
0.04577	0.04701	0.048028
0.62831	0.27901	0.75935	3	8	50	12	0.30377	1001
0.061485	0.050265	0.079585
0.62523	0.22294	0.85227	3	8	50	16	0.38288	1001
0.083284	0.11233	0.051248
0.61887	0.30774	0.77858	3	8	100	4	0.15394	1001
0	5.5511e-17	0
0.49546	0.25195	0.64283	3	8	100	8	0.21748	1001
0.064558	0.035026	0.054854
0.58566	0.26032	0.74356	3	8	100	12	0.23602	1001
0.08301	0.071365	0.053388
0.56951	0.17289	0.82849	3	8	100	16	0.32626	1001
0.085262	0.083598	0.07992
0.61887	0.30774	0.77858	3	8	500	4	0.22225	1001
0	0	0
0.48838	0.24791	0.64955	3	8	500	8	0.22338	1001
0.085231	0.058419	0.050863
0.53376	0.24021	0.69909	3	8	500	12	0.30518	1001
0.11213	0.087831	0.034634
0.52377	0.15608	0.80417	3	8	500	16	0.3529	1001
0.065101	0.054079	0.060722
0.61887	0.30774	0.77858	3	8	1000	4	0.091401	1001
0	1.8504e-17	0
0.4951	0.24934	0.6323	3	8	1000	8	0.096027	1001
0.06295	0.032381	0.047782
0.50998	0.20447	0.69855	3	8	1000	12	0.073434	1001
0.07657	0.076845	0.071239
0.56425	0.19191	0.79637	3	8	1000	16	0.22965	1001
0.11392	0.096679	0.099864
0.61906	0.30809	0.77877	3	8	10000	4	0.13042	1001
0.00057392	0.0010978	0.00057392
0.48512	0.22702	0.66261	3	8	10000	8	0.20471	1001
0.074751	0.048277	0.04026
0.51071	0.21224	0.74047	3	8	10000	12	0.32291	1001
0.10037	0.076683	0.040329
0.56461	0.1846	0.81833	3	8	10000	16	0.26793	1001
0.059921	0.088309	0.069801
0.56987	0.0080017	0.99456	3	12	0.01	4	0.11155	1001
0	1.0015e-18	0
0.56824	0.0063833	0.99456	3	12	0.01	8	0.18884	1001
0.0018048	0.0017782	0
0.56552	0.0046682	0.99456	3	12	0.01	12	0.10247	1001
0.0028632	0.0020991	0
0.55354	0.15802	0.79927	3	12	0.01	16	0.12781	1001
0.060629	0.051492	0.066684
0.62377	0.1571	0.82813	3	12	0.1	4	0.43905	1001
0.01041	0.011339	0.025323
0.56969	0.0076612	0.99456	3	12	0.1	8	0.5342	1001
0.0010302	0.0010046	0
0.56788	0.0059865	0.99456	3	12	0.1	12	0.44468	1001
0.0015891	0.0015355	0
0.52595	0.16751	0.7804	3	12	0.1	16	0.26738	1001
0.09029	0.078999	0.077972
0.51579	0.33979	0.66969	3	12	1	4	0.23842	1001
0.00076522	0.0012547	1.1703e-16
0.52668	0.24447	0.74083	3	12	1	8	0.47927	1001
0.071328	0.064221	0.064602
0.55626	0.12966	0.84646	3	12	1	12	0.1462	1001
0.081561	0.059002	0.094452
0.59583	0.12556	0.89982	3	12	1	16	0.23568	1001
0.02965	0.075299	0.070341
0.51906	0.31474	0.6461	3	12	10	4	0.15707	1001
1.1703e-16	5.5511e-17	1.1703e-16
0.51887	0.25963	0.67078	3	12	10	8	0.1508	1001
0.085381	0.063556	0.071274
0.49982	0.19289	0.68113	3	12	10	12	0.14789	1001
0.04435	0.040852	0.09745
0.59292	0.19476	0.83702	3	12	10	16	0.24573	1001
0.043296	0.066419	0.061109
0.51724	0.33778	0.66788	3	12	20	4	0.17925	1001
1.1703e-16	5.2336e-17	0
0.51016	0.24963	0.66261	3	12	20	8	0.15916	1001
0.096984	0.078201	0.059474
0.48603	0.19652	0.64319	3	12	20	12	0.20658	1001
0.10691	0.083374	0.064853
0.5176	0.15463	0.78621	3	12	20	16	0.18614	1001
0.088955	0.044106	0.06385
0.63702	0.33644	0.78947	3	12	50	4	0.13396	1001
0	4.5325e-17	1.1703e-16
0.51397	0.27367	0.65172	3	12	50	8	0.15326	1001
0.058683	0.044314	0.076333
0.48639	0.16317	0.69419	3	12	50	12	0.19876	1001
0.059008	0.034455	0.077043
0.51779	0.1713	0.75118	3	12	50	16	0.27199	1001
0.060978	0.056521	0.059958
0.63956	0.34183	0.79165	3	12	100	4	0.19237	1001
0.0015304	0.0038007	0.0018744
0.51198	0.28963	0.68639	3	12	100	8	0.20653	1001
0.039968	0.022036	0.047572
0.48802	0.17844	0.69964	3	12	100	12	0.17035	1001
0.06651	0.048086	0.085088
0.55735	0.17928	0.78566	3	12	100	16	0.11145	1001
0.08045	0.070428	0.11144
0.64047	0.34105	0.78966	3	12	500	4	0.10233	1001
0.00057392	6.8775e-05	0.00057392
0.52577	0.30178	0.68312	3	12	500	8	0.096965	1001
0.044283	0.023018	0.047598
0.47913	0.19758	0.65535	3	12	500	12	0.097004	1001
0.068577	0.058873	0.075256
0.50181	0.15098	0.72976	3	12	500	16	0.22916	1001
0.086369	0.053583	0.094119
0.64065	0.34103	0.78947	3	12	1000	4	0.096555	1001
1.1703e-16	5.8514e-17	1.1703e-16
0.50236	0.28587	0.66134	3	12	1000	8	0.12022	1001
0.039511	0.032123	0.04121
0.51416	0.17149	0.6833	3	12	1000	12	0.11855	1001
0.087106	0.06296	0.096878
0.52541	0.18905	0.73285	3	12	1000	16	0.21142	1001
0.062415	0.0538	0.080575
0.64065	0.34149	0.78984	3	12	10000	4	0.11244	1001
1.1703e-16	0.00097163	0.00076522
0.51016	0.28832	0.66461	3	12	10000	8	0.14888	1001
0.055659	0.019038	0.063124
0.50109	0.17441	0.71706	3	12	10000	12	0.080532	1001
0.049581	0.061732	0.091397
0.51071	0.16744	0.76134	3	12	10000	16	0.25747	1001
0.092514	0.071853	0.058966
0.56987	0.0080017	0.99456	3	16	0.01	4	0.13222	1001
0	1.6355e-18	0
0.5677	0.0057767	0.99456	3	16	0.01	8	0.10833	1001
0.0011478	0.0010686	0
0.56515	0.0039633	0.99456	3	16	0.01	12	0.080346	1001
0.0017533	0.00083334	0
0.56443	0.0036307	0.99456	3	16	0.01	16	0.19738	1001
0.0019131	0.00091784	0
0.62232	0.19104	0.80563	3	16	0.1	4	0.37012	1001
0.0045633	0.008686	0.0068149
0.59419	0.069204	0.92995	3	16	0.1	8	0.52601	1001
0.021358	0.068307	0.075138
0.57768	0.032234	0.96842	3	16	0.1	12	0.39635	1001
0.018901	0.05259	0.055519
0.57024	0.012852	0.98711	3	16	0.1	16	0.6173	1001
0.013331	0.018379	0.01247
0.44973	0.23746	0.62868	3	16	1	4	0.1439	1001
0.0097096	0.0068865	0.010309
0.55989	0.16131	0.78693	3	16	1	8	0.23323	1001
0.088412	0.070439	0.13052
0.57568	0.17688	0.82178	3	16	1	12	0.38791	1001
0.087248	0.032859	0.086874
0.55953	0.11542	0.82831	3	16	1	16	0.50602	1001
0.071324	0.040392	0.091159
0.49002	0.27368	0.6461	3	16	10	4	0.15148	1001
0	4.1376e-17	1.1703e-16
0.49528	0.18221	0.73212	3	16	10	8	0.10623	1001
0.072678	0.058477	0.081395
0.46207	0.2253	0.64828	3	16	10	12	0.15774	1001
0.03969	0.047526	0.072931
0.54211	0.18944	0.74646	3	16	10	16	0.24973	1001
0.099934	0.053157	0.11763
0.48494	0.27719	0.64047	3	16	20	4	0.13107	1001
0.078858	0.03887	0.02741
0.52813	0.14238	0.79528	3	16	20	8	0.086942	1001
0.082359	0.064757	0.092667
0.449	0.22226	0.64737	3	16	20	12	0.13003	1001
0.056077	0.063875	0.076947
0.52033	0.17586	0.72613	3	16	20	16	0.23574	1001
0.073914	0.055159	0.098482
0.4392	0.25343	0.64065	3	16	50	4	0.14819	1001
5.8514e-17	5.8514e-17	1.1703e-16
0.54247	0.14075	0.80018	3	16	50	8	0.16855	1001
0.054938	0.073454	0.087074
0.50871	0.24632	0.68258	3	16	50	12	0.17361	1001
0.099427	0.068078	0.089732
0.48693	0.20107	0.66352	3	16	50	16	0.21371	1001
0.066518	0.086556	0.081138
0.5265	0.29794	0.60526	3	16	100	4	0.12653	1001
0.028791	0.016513	0.011454
0.47278	0.14375	0.72287	3	16	100	8	0.13183	1001
0.075016	0.06382	0.089215
0.47078	0.22811	0.65989	3	16	100	12	0.19682	1001
0.053812	0.073784	0.063172
0.54047	0.21539	0.75082	3	16	100	16	0.25259	1001
0.095122	0.085521	0.1046
0.51652	0.29222	0.60799	3	16	500	4	0.14652	1001
0.039792	0.023505	0.014843
0.48457	0.19236	0.72033	3	16	500	8	0.11491	1001
0.059557	0.054351	0.075198
0.45935	0.21533	0.64737	3	16	500	12	0.12272	1001
0.031393	0.043584	0.072968
0.58058	0.23212	0.75354	3	16	500	16	0.19367	1001
0.12587	0.079496	0.096539
0.52505	0.29718	0.60526	3	16	1000	4	0.073591	1001
0.0302	0.017559	0.011326
0.54809	0.16695	0.79873	3	16	1000	8	0.16119	1001
0.044224	0.075978	0.071603
0.46497	0.22008	0.6559	3	16	1000	12	0.14056	1001
0.060682	0.033971	0.086922
0.50907	0.17537	0.73176	3	16	1000	16	0.26804	1001
0.060279	0.07227	0.087021
0.52523	0.29779	0.60526	3	16	10000	4	0.12178	1001
0.029627	0.017629	0.011326
0.551	0.16139	0.77822	3	16	10000	8	0.16239	1001
0.037956	0.084279	0.12151
0.5314	0.19382	0.72976	3	16	10000	12	0.11815	1001
0.084195	0.016066	0.072056
0.5392	0.18532	0.73793	3	16	10000	16	0.21131	1001
0.092792	0.089208	0.10214
0.56987	0.0080017	0.99456	3	20	0.01	4	0.11895	1001
0	1.0015e-18	0
0.56915	0.0071331	0.99456	3	20	0.01	8	0.26235	1001
0.0009372	0.00087939	0
0.56715	0.0052906	0.99456	3	20	0.01	12	0.16883	1001
0.0012833	0.0012397	0
0.56679	0.0051242	0.99456	3	20	0.01	16	0.12687	1001
0.0019226	0.0014602	0
0.60871	0.19957	0.81488	3	20	0.1	4	0.23628	1001
0.0037488	0.0050628	0.0012099
0.58367	0.047055	0.96134	3	20	0.1	8	0.40536	1001
0.024307	0.075019	0.063817
0.56878	0.026124	0.9726	3	20	0.1	12	0.5336	1001
0.0027324	0.063226	0.069444
0.56407	0.0034305	0.99456	3	20	0.1	16	0.48035	1001
0.0018744	0.00085883	0
0.45917	0.24561	0.61525	3	20	1	4	0.21984	1001
5.8514e-17	2.2662e-17	1.1703e-16
0.61125	0.339	0.72523	3	20	1	8	0.35911	1001
0.093984	0.048148	0.042158
0.54501	0.20878	0.76715	3	20	1	12	0.6632	1001
0.077789	0.086098	0.031909
0.54011	0.099599	0.84955	3	20	1	16	0.47405	1001
0.066271	0.059296	0.088069
0.69982	0.40442	0.69982	3	20	10	4	0.10986	1001
0.014922	0.0063968	0.014922
0.57223	0.29058	0.70345	3	20	10	8	0.24182	1001
0.049467	0.054554	0.064326
0.50236	0.16078	0.7559	3	20	10	12	0.22408	1001
0.078858	0.067277	0.0806
0.46588	0.14999	0.68167	3	20	10	16	0.32695	1001
0.05666	0.044474	0.081422
0.69691	0.42298	0.69691	3	20	20	4	0.18655	1001
0	5.8368e-05	0
0.60563	0.32133	0.68131	3	20	20	8	0.23904	1001
0.058728	0.047243	0.062339
0.47205	0.16557	0.70309	3	20	20	12	0.18555	1001
0.025787	0.066595	0.078618
0.49583	0.14386	0.76062	3	20	20	16	0.18295	1001
0.048607	0.059456	0.084843
0.81125	0.47852	0.81125	3	20	50	4	0.14414	1001
1.1703e-16	4.8956e-17	1.1703e-16
0.58838	0.32603	0.69292	3	20	50	8	0.1189	1001
0.086895	0.07111	0.076898
0.45499	0.14776	0.72613	3	20	50	12	0.22332	1001
0.04798	0.036571	0.069728
0.46334	0.15302	0.7274	3	20	50	16	0.18689	1001
0.07257	0.062446	0.08358
0.81488	0.48487	0.81488	3	20	100	4	0.14236	1001
1.1703e-16	1.0789e-16	1.1703e-16
0.62359	0.319	0.74083	3	20	100	8	0.11601	1001
0.091079	0.087627	0.064676
0.51615	0.19709	0.76624	3	20	100	12	0.39646	1001
0.08152	0.10211	0.092505
0.49238	0.14926	0.74828	3	20	100	16	0.10363	1001
0.06981	0.064028	0.084439
0.81434	0.48367	0.81434	3	20	500	4	0.12461	1001
0.00087667	0.0019246	0.00087667
0.5784	0.31117	0.69419	3	20	500	8	0.20778	1001
0.062677	0.050826	0.050537
0.46915	0.17197	0.71633	3	20	500	12	0.26819	1001
0.063698	0.058782	0.087521
0.5049	0.13124	0.74428	3	20	500	16	0.25584	1001
0.059764	0.041969	0.073075
0.81307	0.48088	0.81307	3	20	1000	4	0.15136	1001
0	6.4099e-17	0
0.55935	0.31391	0.68693	3	20	1000	8	0.22271	1001
0.031595	0.042224	0.056526
0.46933	0.14741	0.73285	3	20	1000	12	0.26162	1001
0.068048	0.04636	0.063724
0.55535	0.14135	0.83466	3	20	1000	16	0.16506	1001
0.064166	0.066198	0.034503
0.81833	0.48878	0.81833	3	20	10000	4	0.13558	1001
0.016644	0.024967	0.016644
0.56715	0.27557	0.69238	3	20	10000	8	0.15031	1001
0.045883	0.034051	0.076289
0.4784	0.14546	0.72396	3	20	10000	12	0.3716	1001
0.065678	0.058704	0.093374
0.4931	0.10403	0.76407	3	20	10000	16	0.2377	1001
0.075937	0.032992	0.088874
0.56987	0.0080017	0.99456	3	24	0.01	4	0.10175	1001
0	1.5299e-18	0
0.56951	0.0075462	0.99456	3	24	0.01	8	0.26062	1001
0.0018744	0.0018268	0
0.56733	0.0053022	0.99456	3	24	0.01	12	0.32779	1001
0.001269	0.00092624	0
0.56642	0.0046305	0.99456	3	24	0.01	16	0.11764	1001
0.00057392	0.00053108	0
0.61887	0.21666	0.81452	3	24	0.1	4	0.45871	1001
0.0085554	0.0031302	0.0057264
0.59111	0.08644	0.90871	3	24	0.1	8	0.61397	1001
0.011222	0.070506	0.08327
0.57931	0.069101	0.92868	3	24	0.1	12	0.40383	1001
0.015347	0.070332	0.08134
0.56824	0.083601	0.90181	3	24	0.1	16	0.49468	1001
0.036743	0.071856	0.08499
0.37223	0.13809	0.64265	3	24	1	4	0.43278	1001
0.0032522	0.0012586	0.0077685
0.54211	0.20183	0.72359	3	24	1	8	0.55346	1001
0.078066	0.034542	0.040906
0.57024	0.17847	0.78385	3	24	1	12	0.42299	1001
0.057702	0.077541	0.083644
0.56388	0.12771	0.83376	3	24	1	16	0.45853	1001
0.059163	0.06594	0.092858
0.51543	0.30081	0.65336	3	24	10	4	0.21748	1001
1.1703e-16	3.2049e-17	0
0.55245	0.20595	0.77677	3	24	10	8	0.36622	1001
0.069067	0.072891	0.052279
0.49746	0.1561	0.78149	3	24	10	12	0.20776	1001
0.063951	0.061908	0.092058
0.45953	0.11122	0.72813	3	24	10	16	0.2716	1001
0.088708	0.060748	0.11408
0.63503	0.37531	0.63503	3	24	20	4	0.19136	1001
0.0070783	0.0034239	0.0070783
0.598	0.17335	0.83666	3	24	20	8	0.1747	1001
0.067247	0.10753	0.057862
0.50236	0.16639	0.74338	3	24	20	12	0.13375	1001
0.069404	0.051646	0.080043
0.48857	0.10073	0.78802	3	24	20	16	0.1119	1001
0.044593	0.060093	0.099904
0.62686	0.37392	0.62686	3	24	50	4	0.16419	1001
0.0022957	0.00022313	0.0022957
0.55191	0.12251	0.84047	3	24	50	8	0.37264	1001
0.079494	0.10995	0.0376
0.52868	0.20833	0.72523	3	24	50	12	0.22399	1001
0.080312	0.038916	0.070473
0.48911	0.15288	0.73158	3	24	50	16	0.25974	1001
0.10677	0.070017	0.10684
0.62196	0.38008	0.62196	3	24	100	4	0.18425	1001
0.0027122	0.0013408	0.0027122
0.56733	0.16984	0.80309	3	24	100	8	0.30059	1001
0.089845	0.076067	0.076876
0.59274	0.21443	0.75826	3	24	100	12	0.17422	1001
0.060182	0.06641	0.059789
0.51633	0.14624	0.75681	3	24	100	16	0.15727	1001
0.037128	0.062313	0.10694
0.69873	0.42526	0.69873	3	24	500	4	0.12991	1001
0	7.8505e-17	0
0.54356	0.16273	0.78004	3	24	500	8	0.24471	1001
0.10355	0.11099	0.051736
0.52668	0.19571	0.69292	3	24	500	12	0.25189	1001
0.080865	0.059437	0.083991
0.47532	0.1226	0.76007	3	24	500	16	0.31369	1001
0.062317	0.036433	0.082571
0.69873	0.42526	0.69873	3	24	1000	4	0.22498	1001
0	6.137e-17	0
0.57151	0.17737	0.81198	3	24	1000	8	0.32261	1001
0.055745	0.084935	0.02821
0.49982	0.17033	0.74682	3	24	1000	12	0.20768	1001
0.06853	0.069558	0.075614
0.57586	0.18568	0.77187	3	24	1000	16	0.36649	1001
0.05448	0.059414	0.084366
0.69873	0.42364	0.69873	3	24	10000	4	0.20762	1001
0.00085554	0.0042301	0.00085554
0.52704	0.10335	0.82178	3	24	10000	8	0.27616	1001
0.062309	0.094311	0.045067
0.55336	0.17693	0.7902	3	24	10000	12	0.27098	1001
0.091792	0.06975	0.041432
0.48403	0.13496	0.74773	3	24	10000	16	0.37378	1001
0.059231	0.049986	0.10025
0.56806	0.0061113	0.99456	4	8	0.01	4	0.10202	1001
1.1703e-16	9.1428e-19	0
0.56987	0.0078142	0.99456	4	8	0.01	8	0.21311	1001
0	1.8286e-18	0
0.50036	0.20027	0.75209	4	8	0.01	12	0.090214	1001
0.071057	0.049183	0.067252
0.58131	0.16545	0.851	4	8	0.01	16	0.18076	1001
0.089272	0.078187	0.052874
0.57096	0.0089741	0.99456	4	8	0.1	4	0.3808	1001
0.0015304	0.0015088	0
0.57005	0.0080018	0.99456	4	8	0.1	8	0.43636	1001
0.00057392	0.00059311	0
0.56515	0.22544	0.78693	4	8	0.1	12	0.071886	1001
0.0629	0.055692	0.067002
0.58421	0.16836	0.85009	4	8	0.1	16	0.13413	1001
0.05789	0.052311	0.051012
0.63521	0.32355	0.7931	4	8	1	4	0.22014	1001
0	8.679e-17	0
0.64936	0.24344	0.88312	4	8	1	8	0.42433	1001
0.049657	0.07184	0.056564
0.57949	0.14935	0.88603	4	8	1	12	0.29271	1001
0.059925	0.066227	0.025578
0.56987	0.1474	0.8588	4	8	1	16	0.49286	1001
0.058001	0.07513	0.048524
0.58439	0.28676	0.79129	4	8	10	4	0.16927	1001
0	5.2336e-17	0
0.55681	0.25362	0.74265	4	8	10	8	0.20205	1001
0.067305	0.072513	0.080051
0.64192	0.23539	0.84029	4	8	10	12	0.1926	1001
0.062344	0.069802	0.053682
0.6127	0.20299	0.86279	4	8	10	16	0.38281	1001
0.070281	0.068153	0.049475
0.58439	0.28243	0.78766	4	8	20	4	0.19983	1001
0	2.6168e-17	1.1703e-16
0.55826	0.28152	0.74446	4	8	20	8	0.37475	1001
0.077832	0.066883	0.075136
0.59328	0.21588	0.81543	4	8	20	12	0.28656	1001
0.063532	0.07374	0.075327
0.56334	0.14816	0.86897	4	8	20	16	0.41856	1001
0.05697	0.08174	0.027575
0.58076	0.28874	0.78403	4	8	50	4	0.19004	1001
1.1703e-16	0.00099119	1.1703e-16
0.49691	0.26247	0.66044	4	8	50	8	0.10636	1001
0.057765	0.053706	0.045097
0.60054	0.24136	0.8	4	8	50	12	0.11709	1001
0.084731	0.12382	0.066803
0.56243	0.17216	0.82341	4	8	50	16	0.22244	1001
0.081022	0.1112	0.06748
0.58621	0.28779	0.7931	4	8	100	4	0.19453	1001
0	4.8956e-17	0
0.46969	0.22072	0.61742	4	8	100	8	0.18268	1001
0.048206	0.036558	0.087307
0.60944	0.22342	0.84737	4	8	100	12	0.20904	1001
0.10231	0.096043	0.040757
0.59474	0.20555	0.84682	4	8	100	16	0.27513	1001
0.073597	0.059572	0.067611
0.58802	0.29051	0.79492	4	8	500	4	0.15042	1001
0	4.5325e-17	0
0.49746	0.25273	0.64301	4	8	500	8	0.1479	1001
0.059091	0.041133	0.061427
0.48657	0.21311	0.76279	4	8	500	12	0.25287	1001
0.062703	0.0624	0.072892
0.54283	0.15892	0.8216	4	8	500	16	0.289	1001
0.057788	0.063665	0.073338
0.58802	0.29051	0.79492	4	8	1000	4	0.13566	1001
0	4.1376e-17	0
0.57731	0.28405	0.67677	4	8	1000	8	0.20307	1001
0.11588	0.074908	0.073415
0.50163	0.20367	0.73448	4	8	1000	12	0.21067	1001
0.063623	0.057887	0.093791
0.55662	0.18076	0.79782	4	8	1000	16	0.13457	1001
0.096563	0.094989	0.082493
0.58802	0.29051	0.79492	4	8	10000	4	0.1859	1001
0	4.5325e-17	0
0.53267	0.26578	0.65699	4	8	10000	8	0.23802	1001
0.090418	0.04885	0.05419
0.51143	0.23817	0.73376	4	8	10000	12	0.21163	1001
0.076397	0.069185	0.070087
0.53358	0.1406	0.7735	4	8	10000	16	0.26869	1001
0.089198	0.077668	0.075068
0.56987	0.0080017	0.99456	4	12	0.01	4	0.11574	1001
0	1.0015e-18	0
0.56788	0.0060052	0.99456	4	12	0.01	8	0.20671	1001
0.0015891	0.0015612	0
0.56715	0.0054608	0.99456	4	12	0.01	12	0.21852	1001
0.0019603	0.0014543	0
0.54955	0.15821	0.7706	4	12	0.01	16	0.15583	1001
0.033033	0.037114	0.044085
0.60744	0.094547	0.91996	4	12	0.1	4	0.39043	1001
0.045465	0.091478	0.08388
0.56987	0.0078142	0.99456	4	12	0.1	8	0.44947	1001
0	1.8286e-18	0
0.5677	0.0059859	0.99456	4	12	0.1	12	0.47501	1001
0.0011478	0.0010072	0
0.57985	0.16444	0.83194	4	12	0.1	16	0.29124	1001
0.07905	0.090013	0.054253
0.51543	0.36986	0.67659	4	12	1	4	0.3529	1001
1.1703e-16	0.00042693	0.0018744
0.5735	0.16214	0.80399	4	12	1	8	0.47166	1001
0.06488	0.076578	0.10058
0.54737	0.10759	0.86642	4	12	1	12	0.59921	1001
0.062186	0.061445	0.11069
0.58947	0.11605	0.91089	4	12	1	16	0.48093	1001
0.047932	0.062543	0.034493
0.51361	0.31205	0.65336	4	12	10	4	0.1421	1001
1.1703e-16	1.8504e-17	0
0.58548	0.3254	0.69274	4	12	10	8	0.1037	1001
0.1154	0.096148	0.069378
0.53593	0.16208	0.76388	4	12	10	12	0.14796	1001
0.067583	0.062391	0.11181
0.61216	0.16937	0.88494	4	12	10	16	0.50138	1001
0.047211	0.041817	0.036471
0.52087	0.33234	0.64791	4	12	20	4	0.080192	1001
0	4.8956e-17	0
0.62087	0.35366	0.70907	4	12	20	8	0.20663	1001
0.092511	0.078145	0.059778
0.51143	0.21442	0.6882	4	12	20	12	0.35542	1001
0.097752	0.069156	0.08512
0.55626	0.14044	0.82196	4	12	20	16	0.1178	1001
0.090685	0.067241	0.089159
0.56025	0.35884	0.71452	4	12	50	4	0.13049	1001
0.0022716	0.00023909	0.0022716
0.50944	0.27293	0.62813	4	12	50	8	0.18065	1001
0.10644	0.084173	0.075876
0.502	0.22574	0.68639	4	12	50	12	0.11264	1001
0.10019	0.066947	0.070216
0.49982	0.17396	0.6922	4	12	50	16	0.20934	1001
0.082182	0.076626	0.084834
0.55572	0.35447	0.70962	4	12	100	4	0.16881	1001
0.0059766	0.0017851	0.006627
0.55027	0.30905	0.67296	4	12	100	8	0.18054	1001
0.10251	0.074097	0.075486
0.52232	0.1999	0.70054	4	12	100	12	0.12544	1001
0.097932	0.067172	0.087353
0.5294	0.115	0.78457	4	12	100	16	0.28011	1001
0.078645	0.056816	0.12122
0.55898	0.35496	0.71307	4	12	500	4	0.18394	1001
0.0057392	0.0018422	0.0063131
0.49982	0.27461	0.62704	4	12	500	8	0.1642	1001
0.073059	0.043824	0.045208
0.44918	0.16615	0.67169	4	12	500	12	0.13817	1001
0.05992	0.034731	0.064368
0.5176	0.19144	0.70799	4	12	500	16	0.23906	1001
0.081091	0.040747	0.085166
0.55898	0.35119	0.71325	4	12	1000	4	0.18611	1001
1.1703e-16	6.6716e-17	0
0.49546	0.27339	0.63485	4	12	1000	8	0.18417	1001
0.049651	0.041565	0.053146
0.51216	0.16945	0.65136	4	12	1000	12	0.24103	1001
0.060495	0.054989	0.088801
0.60907	0.24292	0.75064	4	12	1000	16	0.37545	1001
0.10945	0.072613	0.060237
0.55898	0.34821	0.71198	4	12	10000	4	0.14641	1001
1.1703e-16	0.0020556	0.00087667
0.48548	0.26603	0.62033	4	12	10000	8	0.16662	1001
0.061986	0.044095	0.030987
0.53793	0.19316	0.73702	4	12	10000	12	0.36826	1001
0.05871	0.059361	0.066289
0.48711	0.18473	0.70345	4	12	10000	16	0.3586	1001
0.056925	0.042855	0.073418
0.56987	0.0080017	0.99456	4	16	0.01	4	0.073791	1001
0	1.6355e-18	0
0.56788	0.0059637	0.99456	4	16	0.01	8	0.28158	1001
0.0010302	0.0010011	0
0.56552	0.0041296	0.99456	4	16	0.01	12	0.10254	1001
0.0015304	0.00072681	0
0.56515	0.0039982	0.99456	4	16	0.01	16	0.24474	1001
0.0029883	0.0014921	0
0.60073	0.092607	0.90399	4	16	0.1	4	0.33233	1001
0.017302	0.076622	0.084701
0.57368	0.013515	0.98984	4	16	0.1	8	0.4103	1001
0.0091926	0.013587	0.010094
0.56733	0.0054745	0.99456	4	16	0.1	12	0.41906	1001
0.0021303	0.0014393	0
0.5657	0.0044545	0.99456	4	16	0.1	16	0.72477	1001
0.0017217	0.001154	0
0.50054	0.26817	0.6657	4	16	1	4	0.27153	1001
0.081536	0.024351	0.058106
0.50926	0.15582	0.74574	4	16	1	8	0.34677	1001
0.063144	0.076244	0.089093
0.61234	0.15658	0.88911	4	16	1	12	0.3519	1001
0.043902	0.062648	0.061405
0.57005	0.09315	0.89691	4	16	1	16	0.6581	1001
0.068537	0.061572	0.065798
0.57024	0.34692	0.63485	4	16	10	4	0.18463	1001
0.0085039	0.0046028	0.018642
0.57731	0.23964	0.75898	4	16	10	8	0.13149	1001
0.087732	0.025672	0.10186
0.5078	0.20118	0.69165	4	16	10	12	0.41754	1001
0.055976	0.058681	0.070193
0.53376	0.12478	0.8265	4	16	10	16	0.48064	1001
0.070474	0.050185	0.086618
0.55172	0.33743	0.69328	4	16	20	4	0.06411	1001
1.1703e-16	1.8504e-17	1.1703e-16
0.56878	0.18892	0.79093	4	16	20	8	0.11824	1001
0.080267	0.050863	0.088062
0.48911	0.21361	0.64555	4	16	20	12	0.08342	1001
0.045772	0.077554	0.085512
0.50345	0.15453	0.74628	4	16	20	16	0.36599	1001
0.077417	0.058461	0.085138
0.54555	0.32485	0.69274	4	16	50	4	0.16503	1001
0.021443	0.048083	0.0037341
0.54737	0.14151	0.79437	4	16	50	8	0.22977	1001
0.065906	0.054608	0.11469
0.4873	0.18583	0.6755	4	16	50	12	0.23914	1001
0.055143	0.047304	0.085635
0.51053	0.17803	0.72178	4	16	50	16	0.39528	1001
0.061635	0.068957	0.084647
0.55336	0.31148	0.70508	4	16	100	4	0.16758	1001
0.002487	0.061281	0.023481
0.54501	0.17819	0.73593	4	16	100	8	0.27757	1001
0.073542	0.042037	0.096919
0.48367	0.17764	0.71452	4	16	100	12	0.22305	1001
0.043163	0.054553	0.087988
0.54955	0.18064	0.72922	4	16	100	16	0.26622	1001
0.08684	0.082337	0.11094
0.55717	0.19545	0.74955	4	16	500	4	0.12285	1001
0	2.2662e-17	1.1703e-16
0.5216	0.17427	0.73993	4	16	500	8	0.089452	1001
0.082178	0.044059	0.10827
0.47223	0.1876	0.69819	4	16	500	12	0.12345	1001
0.050468	0.06667	0.097903
0.55336	0.19687	0.71742	4	16	500	16	0.38412	1001
0.10195	0.067024	0.12558
0.55717	0.19545	0.74955	4	16	1000	4	0.17519	1001
0	2.6168e-17	1.1703e-16
0.57495	0.19076	0.80145	4	16	1000	8	0.16451	1001
0.097711	0.064019	0.064161
0.4637	0.1779	0.67822	4	16	1000	12	0.24756	1001
0.053485	0.035242	0.085452
0.56334	0.1633	0.78621	4	16	1000	16	0.34413	1001
0.075118	0.073935	0.12271
0.55118	0.19506	0.7441	4	16	10000	4	0.17462	1001
0.018939	0.0012414	0.017217
0.54192	0.13494	0.78475	4	16	10000	8	0.24531	1001
0.052595	0.061404	0.12571
0.53394	0.1976	0.74773	4	16	10000	12	0.22169	1001
0.063919	0.048842	0.077037
0.55027	0.16932	0.75372	4	16	10000	16	0.40651	1001
0.10249	0.063013	0.10394
0.56987	0.0080017	0.99456	4	20	0.01	4	0.074182	1001
0	1.0015e-18	0
0.56969	0.007644	0.99456	4	20	0.01	8	0.13266	1001
0.00057392	0.00053852	0
0.5677	0.0057974	0.99456	4	20	0.01	12	0.22402	1001
0.0014316	0.001367	0
0.56534	0.0040977	0.99456	4	20	0.01	16	0.14444	1001
0.0019603	0.001056	0
0.63158	0.18838	0.83848	4	20	0.1	4	0.21837	1001
1.1703e-16	2.9257e-17	1.1703e-16
0.57495	0.025277	0.97895	4	20	0.1	8	0.52219	1001
0.018003	0.057024	0.049357
0.5677	0.0057974	0.99456	4	20	0.1	12	0.64776	1001
0.0014316	0.001367	0
0.56479	0.0039334	0.99456	4	20	0.1	16	0.55004	1001
0.0023894	0.0013762	0
0.48276	0.26907	0.63339	4	20	1	4	0.18126	1001
5.8514e-17	5.2336e-17	0
0.54555	0.28245	0.70635	4	20	1	8	0.39391	1001
0.097145	0.055171	0.062985
0.52033	0.1028	0.8245	4	20	1	12	0.62237	1001
0.073711	0.040595	0.081632
0.55826	0.061979	0.91579	4	20	1	16	0.5263	1001
0.046908	0.036079	0.029664
0.52813	0.3481	0.59347	4	20	10	4	0.13278	1001
1.1703e-16	5.5511e-17	1.1703e-16
0.52523	0.24323	0.64936	4	20	10	8	0.12708	1001
0.040512	0.071326	0.090525
0.45735	0.15366	0.73975	4	20	10	12	0.31942	1001
0.051447	0.06167	0.067724
0.48875	0.13506	0.74192	4	20	10	16	0.39138	1001
0.061008	0.052722	0.082916
0.52795	0.31444	0.59673	4	20	20	4	0.14692	1001
0.00057392	0.0098163	0.0014316
0.54356	0.23	0.68548	4	20	20	8	0.14001	1001
0.025268	0.04644	0.075171
0.45789	0.16902	0.70327	4	20	20	12	0.1244	1001
0.048541	0.067311	0.085645
0.45862	0.11444	0.75154	4	20	20	16	0.34719	1001
0.04672	0.032468	0.11222
0.49347	0.26192	0.59601	4	20	50	4	0.18061	1001
0.010904	0.004219	0.0034435
0.54174	0.22681	0.71742	4	20	50	8	0.2769	1001
0.058467	0.047215	0.063564
0.48584	0.15411	0.74356	4	20	50	12	0.34604	1001
0.084014	0.05905	0.065437
0.49583	0.12512	0.7755	4	20	50	16	0.21521	1001
0.062693	0.055453	0.069631
0.49002	0.25898	0.59528	4	20	100	4	0.16802	1001
0	5.5511e-17	1.1703e-16
0.53938	0.21214	0.69492	4	20	100	8	0.25973	1001
0.053228	0.068418	0.069932
0.48076	0.1478	0.75517	4	20	100	12	0.18415	1001
0.074371	0.073196	0.11359
0.45554	0.1258	0.70454	4	20	100	16	0.23169	1001
0.072424	0.033324	0.10941
0.4882	0.26025	0.5971	4	20	500	4	0.14441	1001
1.1703e-16	0	1.1703e-16
0.55154	0.21688	0.7118	4	20	500	8	0.10483	1001
0.026762	0.073972	0.059734
0.46951	0.18838	0.68838	4	20	500	12	0.36001	1001
0.049835	0.062487	0.083322
0.49183	0.13677	0.75372	4	20	500	16	0.2628	1001
0.03806	0.052528	0.063484
0.4882	0.26025	0.5971	4	20	1000	4	0.16686	1001
1.1703e-16	2.6168e-17	1.1703e-16
0.49528	0.2298	0.62704	4	20	1000	8	0.18086	1001
0.057947	0.042316	0.040863
0.5127	0.16271	0.75717	4	20	1000	12	0.14413	1001
0.05247	0.069258	0.047886
0.52232	0.13578	0.77241	4	20	1000	16	0.2008	1001
0.078714	0.041509	0.056214
0.4882	0.26025	0.5971	4	20	10000	4	0.16564	1001
1.1703e-16	1.8504e-17	1.1703e-16
0.5274	0.21967	0.68584	4	20	10000	8	0.083412	1001
0.087132	0.077874	0.066388
0.46842	0.13821	0.7539	4	20	10000	12	0.39633	1001
0.065299	0.065908	0.11192
0.47332	0.11195	0.78494	4	20	10000	16	0.36941	1001
0.036657	0.049619	0.09039
0.56987	0.0080017	0.99456	4	24	0.01	4	0.10189	1001
0	1.5299e-18	0
0.56933	0.0075871	0.99456	4	24	0.01	8	0.15281	1001
0.0021044	0.0018125	0
0.5677	0.0056803	0.99456	4	24	0.01	12	0.16694	1001
0.0016678	0.0014741	0
0.56642	0.0045966	0.99456	4	24	0.01	16	0.23588	1001
0.00057392	0.0005322	0
0.62178	0.2152	0.81633	4	24	0.1	4	0.51103	1001
0.0064137	0.005354	0.0084174
0.59056	0.058547	0.94719	4	24	0.1	8	0.57501	1001
0.01923	0.066322	0.062346
0.57296	0.013597	0.98911	4	24	0.1	12	0.45465	1001
0.0087688	0.012876	0.0088084
0.56969	0.019993	0.97278	4	24	0.1	16	0.55647	1001
0.0080916	0.039361	0.062173
0.45372	0.1859	0.6461	4	24	1	4	0.40696	1001
5.8514e-17	3.5832e-17	1.1703e-16
0.5167	0.18708	0.72995	4	24	1	8	0.51015	1001
0.085022	0.044623	0.069829
0.56171	0.16001	0.80345	4	24	1	12	0.4188	1001
0.075206	0.094521	0.11702
0.59873	0.1572	0.84301	4	24	1	16	0.47545	1001
0.063122	0.080712	0.11991
0.5971	0.331	0.65699	4	24	10	4	0.20841	1001
1.1703e-16	5.2336e-17	1.1703e-16
0.60254	0.23699	0.7755	4	24	10	8	0.17681	1001
0.090324	0.07166	0.055102
0.57205	0.20997	0.75844	4	24	10	12	0.28522	1001
0.06639	0.072754	0.077955
0.57368	0.17667	0.798	4	24	10	16	0.39805	1001
0.076858	0.10611	0.10014
0.69909	0.37419	0.75064	4	24	20	4	0.20987	1001
0.084017	0.067435	0.07244
0.68603	0.25736	0.83956	4	24	20	8	0.24645	1001
0.072942	0.079181	0.048413
0.49238	0.17697	0.74174	4	24	20	12	0.33753	1001
0.065218	0.054499	0.0617
0.4833	0.16043	0.74592	4	24	20	16	0.13956	1001
0.08714	0.093889	0.095269
0.86515	0.55794	0.86515	4	24	50	4	0.19899	1001
0.0022716	0.0048928	0.0022716
0.61416	0.18546	0.83739	4	24	50	8	0.30642	1001
0.065861	0.068481	0.068823
0.52232	0.18616	0.75572	4	24	50	12	0.30585	1001
0.071158	0.056795	0.065107
0.50635	0.13707	0.77677	4	24	50	16	0.35792	1001
0.070778	0.074363	0.098239
0.8657	0.55898	0.8657	4	24	100	4	0.23655	1001
2.3406e-16	1.282e-16	2.3406e-16
0.61506	0.14549	0.84864	4	24	100	8	0.34939	1001
0.068494	0.096707	0.048421
0.52995	0.17303	0.77005	4	24	100	12	0.10268	1001
0.11702	0.088693	0.088374
0.55372	0.19122	0.78276	4	24	100	16	0.24817	1001
0.098132	0.10648	0.077709
0.86388	0.55539	0.86388	4	24	500	4	0.15557	1001
1.1703e-16	9.7912e-17	1.1703e-16
0.62976	0.22156	0.79673	4	24	500	8	0.35776	1001
0.089444	0.066005	0.073969
0.54338	0.17145	0.79619	4	24	500	12	0.37971	1001
0.086322	0.076521	0.079759
0.50744	0.11521	0.78149	4	24	500	16	0.28932	1001
0.051739	0.038073	0.098049
0.86388	0.55539	0.86388	4	24	1000	4	0.11721	1001
1.1703e-16	7.4015e-17	1.1703e-16
0.62196	0.20222	0.83122	4	24	1000	8	0.12252	1001
0.10189	0.13301	0.059206
0.53666	0.18588	0.76552	4	24	1000	12	0.13494	1001
0.066485	0.084217	0.11419
0.5167	0.14161	0.79401	4	24	1000	16	0.21483	1001
0.090113	0.068167	0.10295
0.86388	0.55539	0.86388	4	24	10000	4	0.18996	1001
1.1703e-16	9.7912e-17	1.1703e-16
0.63775	0.20853	0.83067	4	24	10000	8	0.36768	1001
0.086622	0.11889	0.048139
0.54592	0.16503	0.78385	4	24	10000	12	0.15574	1001
0.088133	0.07156	0.083552
0.52232	0.13062	0.78893	4	24	10000	16	0.17699	1001
0.070756	0.067251	0.10413
0.57169	0.0096898	0.99456	5	8	0.01	4	0.13726	1001
0	1.8286e-18	0
0.56987	0.0078142	0.99456	5	8	0.01	8	0.18762	1001
0	1.8286e-18	0
0.54682	0.20592	0.81361	5	8	0.01	12	0.30592	1001
0.094316	0.047932	0.024032
0.61742	0.24728	0.78675	5	8	0.01	16	0.28023	1001
0.1093	0.098103	0.052169
0.57169	0.0096898	0.99456	5	8	0.1	4	0.40379	1001
0	1.8286e-18	0
0.57005	0.0080018	0.99456	5	8	0.1	8	0.52282	1001
0.00057392	0.00059311	0
0.51652	0.19638	0.78657	5	8	0.1	12	0.35342	1001
0.083314	0.087975	0.059565
0.62577	0.26362	0.8118	5	8	0.1	16	0.33023	1001
0.083352	0.063979	0.065145
0.60617	0.26474	0.76407	5	8	1	4	0.3865	1001
1.1703e-16	4.8956e-17	0
0.57405	0.19798	0.84247	5	8	1	8	0.44478	1001
0.042494	0.049632	0.068555
0.60018	0.1993	0.84864	5	8	1	12	0.24124	1001
0.059305	0.074857	0.066761
0.58439	0.18318	0.8559	5	8	1	16	0.50323	1001
0.061955	0.072453	0.074325
0.60617	0.27908	0.81125	5	8	10	4	0.15091	1001
1.1703e-16	6.4099e-17	1.1703e-16
0.6294	0.29525	0.78984	5	8	10	8	0.18093	1001
0.061918	0.071195	0.054666
0.61434	0.22248	0.84428	5	8	10	12	0.30438	1001
0.075065	0.079884	0.050359
0.61561	0.21076	0.83539	5	8	10	16	0.45134	1001
0.075887	0.09811	0.059002
0.60617	0.27953	0.81488	5	8	20	4	0.15646	1001
1.1703e-16	5.8514e-17	1.1703e-16
0.55572	0.22678	0.82396	5	8	20	8	0.12825	1001
0.063574	0.087934	0.045641
0.63122	0.23295	0.86261	5	8	20	12	0.15731	1001
0.098182	0.099846	0.050041
0.6245	0.21822	0.84211	5	8	20	16	0.46075	1001
0.044795	0.074308	0.05004
0.58621	0.2809	0.78221	5	8	50	4	0.1524	1001
0	1.8504e-17	1.1703e-16
0.52559	0.2487	0.75735	5	8	50	8	0.16343	1001
0.088623	0.082134	0.055022
0.63158	0.24239	0.85935	5	8	50	12	0.20721	1001
0.09535	0.10385	0.033783
0.56479	0.19964	0.78929	5	8	50	16	0.42941	1001
0.079822	0.10042	0.075008
0.58621	0.27076	0.78221	5	8	100	4	0.19251	1001
0	3.7007e-17	1.1703e-16
0.49256	0.24009	0.70944	5	8	100	8	0.24588	1001
0.070103	0.056987	0.063017
0.61525	0.24261	0.80563	5	8	100	12	0.10407	1001
0.068369	0.055161	0.070765
0.6069	0.24873	0.81252	5	8	100	16	0.20336	1001
0.086859	0.10219	0.08671
0.57532	0.28042	0.76951	5	8	500	4	0.12974	1001
1.1703e-16	4.5325e-17	1.1703e-16
0.49728	0.25376	0.66134	5	8	500	8	0.11293	1001
0.062735	0.045992	0.067426
0.6098	0.24925	0.81525	5	8	500	12	0.085482	1001
0.066513	0.051424	0.055325
0.55917	0.24698	0.74755	5	8	500	16	0.13513	1001
0.069681	0.049205	0.063405
0.58802	0.28446	0.78766	5	8	1000	4	0.11601	1001
0	4.5325e-17	1.1703e-16
0.51379	0.22192	0.6922	5	8	1000	8	0.25666	1001
0.069196	0.064265	0.033192
0.53775	0.23136	0.74102	5	8	1000	12	0.24302	1001
0.06912	0.056105	0.068838
0.60236	0.2255	0.78584	5	8	1000	16	0.25827	1001
0.096879	0.078867	0.10569
0.58802	0.28058	0.78584	5	8	10000	4	0.20913	1001
0	3.7007e-17	1.1703e-16
0.56007	0.26203	0.6804	5	8	10000	8	0.14304	1001
0.087764	0.060764	0.044368
0.53829	0.2288	0.72033	5	8	10000	12	0.20334	1001
0.070727	0.054797	0.037444
0.54537	0.21944	0.73285	5	8	10000	16	0.18182	1001
0.093498	0.10816	0.048206
0.56987	0.0080017	0.99456	5	12	0.01	4	0.084921	1001
0	1.0015e-18	0
0.56897	0.0070783	0.99456	5	12	0.01	8	0.20495	1001
0.0021389	0.0020831	0
0.56751	0.0056272	0.99456	5	12	0.01	12	0.12754	1001
0.001225	0.0011813	0
0.52523	0.18377	0.74755	5	12	0.01	16	0.14835	1001
0.070416	0.054132	0.074552
0.57713	0.025638	0.9784	5	12	0.1	4	0.40067	1001
0.019789	0.052811	0.051079
0.56969	0.007644	0.99456	5	12	0.1	8	0.46113	1001
0.00057392	0.00053852	0
0.56842	0.0067006	0.99456	5	12	0.1	12	0.28022	1001
0.0011478	0.00090041	0
0.48748	0.106	0.7951	5	12	0.1	16	0.35243	1001
0.069863	0.047068	0.079871
0.48857	0.28111	0.67114	5	12	1	4	0.38743	1001
0.00076522	0.00033899	0.00076522
0.6147	0.17387	0.90073	5	12	1	8	0.4773	1001
0.085508	0.10121	0.038831
0.5755	0.11485	0.88857	5	12	1	12	0.49956	1001
0.0379	0.068285	0.054763
0.5735	0.093599	0.89746	5	12	1	16	0.49399	1001
0.056284	0.06146	0.040376
0.45191	0.276	0.63884	5	12	10	4	0.24621	1001
1.1703e-16	5.2336e-17	1.1703e-16
0.54864	0.26943	0.73267	5	12	10	8	0.24847	1001
0.089824	0.070761	0.051717
0.5657	0.12506	0.87169	5	12	10	12	0.19318	1001
0.067322	0.085214	0.056089
0.55064	0.11921	0.8265	5	12	10	16	0.31455	1001
0.063039	0.055149	0.062573
0.53902	0.31493	0.69328	5	12	20	4	0.18395	1001
0	5.2336e-17	1.1703e-16
0.53902	0.29053	0.69855	5	12	20	8	0.10101	1001
0.10315	0.072677	0.083003
0.56642	0.15892	0.81724	5	12	20	12	0.22452	1001
0.064606	0.089184	0.10676
0.53557	0.10995	0.8274	5	12	20	16	0.35379	1001
0.076371	0.059881	0.11057
0.55336	0.31321	0.70218	5	12	50	4	0.15679	1001
0.025687	0.0025754	0.025687
0.5049	0.28426	0.68711	5	12	50	8	0.1365	1001
0.050083	0.025729	0.068802
0.54247	0.23253	0.75118	5	12	50	12	0.11888	1001
0.083662	0.063005	0.070204
0.56243	0.15032	0.81307	5	12	50	16	0.40058	1001
0.076882	0.067282	0.05349
0.54265	0.32016	0.69147	5	12	100	4	0.15444	1001
0.0067366	0.0021627	0.0067366
0.53575	0.29905	0.67568	5	12	100	8	0.087874	1001
0.11522	0.097829	0.06069
0.48693	0.21331	0.66025	5	12	100	12	0.11983	1001
0.0617	0.04358	0.10621
0.53956	0.15793	0.76969	5	12	100	16	0.53405	1001
0.093097	0.067452	0.10728
0.53938	0.32488	0.6882	5	12	500	4	0.11946	1001
0.0011478	0.00032978	0.0011478
0.50907	0.28974	0.64465	5	12	500	8	0.18597	1001
0.12762	0.091131	0.079611
0.52505	0.21675	0.71234	5	12	500	12	0.14187	1001
0.10567	0.082767	0.096549
0.52722	0.20751	0.72541	5	12	500	16	0.12492	1001
0.10199	0.10385	0.10888
0.53902	0.32473	0.68784	5	12	1000	4	0.12549	1001
0	2.6168e-17	1.1703e-16
0.51361	0.2958	0.65408	5	12	1000	8	0.17858	1001
0.07717	0.057589	0.06262
0.4971	0.20543	0.69764	5	12	1000	12	0.093652	1001
0.071285	0.041977	0.073851
0.52831	0.18371	0.73975	5	12	1000	16	0.32598	1001
0.082517	0.039373	0.088846
0.54192	0.32499	0.69074	5	12	10000	4	0.17255	1001
0.0061218	0.00055565	0.0061218
0.47387	0.27976	0.6127	5	12	10000	8	0.21152	1001
0.070417	0.058377	0.044752
0.50127	0.19437	0.69456	5	12	10000	12	0.18378	1001
0.063367	0.050793	0.071815
0.53648	0.21558	0.72123	5	12	10000	16	0.31544	1001
0.045939	0.0537	0.057724
0.56987	0.0080017	0.99456	5	16	0.01	4	0.11071	1001
0	1.6355e-18	0
0.5677	0.0057954	0.99456	5	16	0.01	8	0.19303	1001
0.0011478	0.0011092	0
0.56606	0.0044303	0.99456	5	16	0.01	12	0.10757	1001
0.0013391	0.00078869	0
0.56515	0.0041548	0.99456	5	16	0.01	16	0.17939	1001
0.0029883	0.0018221	0
0.59655	0.071933	0.92904	5	16	0.1	4	0.32158	1001
0.022196	0.072514	0.076973
0.57114	0.0096268	0.99256	5	16	0.1	8	0.45569	1001
0.0041075	0.0057338	0.0063131
0.56733	0.0056124	0.99456	5	16	0.1	12	0.44792	1001
0.0021303	0.0015988	0
0.56588	0.0046228	0.99456	5	16	0.1	16	0.6103	1001
0.0018744	0.001267	0
0.57586	0.27317	0.72069	5	16	1	4	0.26318	1001
0.0094517	0.011367	0.01478
0.58058	0.084329	0.87477	5	16	1	8	0.33421	1001
0.031241	0.065407	0.071529
0.53829	0.12457	0.84083	5	16	1	12	0.44495	1001
0.076427	0.078597	0.08808
0.55445	0.074697	0.91869	5	16	1	16	0.6901	1001
0.020961	0.051915	0.034326
0.47005	0.25914	0.66062	5	16	10	4	0.11412	1001
0	3.7007e-17	1.1703e-16
0.52359	0.20296	0.72377	5	16	10	8	0.15355	1001
0.089796	0.065726	0.087193
0.55027	0.1862	0.77949	5	16	10	12	0.34114	1001
0.12799	0.10794	0.11847
0.5274	0.070183	0.86425	5	16	10	16	0.25636	1001
0.051412	0.048394	0.064438
0.47387	0.2597	0.64192	5	16	20	4	0.1293	1001
0.010803	0.023688	0.0030906
0.55681	0.16116	0.79111	5	16	20	8	0.13144	1001
0.082309	0.066775	0.09511
0.53612	0.15479	0.75027	5	16	20	12	0.12146	1001
0.064036	0.045183	0.11195
0.54809	0.16674	0.77441	5	16	20	16	0.41741	1001
0.084305	0.080019	0.063438
0.47477	0.25707	0.62868	5	16	50	4	0.18443	1001
0.0022957	0.00053569	0.0022957
0.5274	0.17534	0.75626	5	16	50	8	0.21354	1001
0.086546	0.07649	0.097925
0.47641	0.1955	0.66279	5	16	50	12	0.16568	1001
0.057035	0.071115	0.089925
0.51561	0.18453	0.74918	5	16	50	16	0.4279	1001
0.092123	0.060944	0.098167
0.4755	0.25658	0.62613	5	16	100	4	0.16828	1001
5.8514e-17	4.8956e-17	1.1703e-16
0.55735	0.18591	0.72087	5	16	100	8	0.14812	1001
0.096697	0.064989	0.083611
0.52468	0.19746	0.71833	5	16	100	12	0.168	1001
0.063974	0.064245	0.079574
0.5069	0.1546	0.74065	5	16	100	16	0.2779	1001
0.06922	0.060737	0.10007
0.4902	0.26057	0.61143	5	16	500	4	0.13691	1001
0.00263	0.00076225	0.00263
0.53485	0.18066	0.71125	5	16	500	8	0.14363	1001
0.069867	0.065204	0.079503
0.46933	0.15584	0.73358	5	16	500	12	0.18943	1001
0.047636	0.075529	0.10789
0.47005	0.16844	0.65064	5	16	500	16	0.38759	1001
0.062425	0.04163	0.10092
0.4902	0.26057	0.61143	5	16	1000	4	0.089148	1001
0.00263	0.00076225	0.00263
0.51942	0.21456	0.6922	5	16	1000	8	0.1544	1001
0.061199	0.036775	0.060352
0.48802	0.15974	0.76951	5	16	1000	12	0.097624	1001
0.042247	0.075245	0.068896
0.52033	0.19193	0.74138	5	16	1000	16	0.23857	1001
0.094935	0.060922	0.085006
0.49183	0.26104	0.6098	5	16	10000	4	0.16445	1001
0	3.7007e-17	1.1703e-16
0.48929	0.18009	0.71107	5	16	10000	8	0.1129	1001
0.046209	0.059522	0.059519
0.44646	0.18667	0.65608	5	16	10000	12	0.119	1001
0.063754	0.069324	0.068252
0.50889	0.15596	0.74628	5	16	10000	16	0.24585	1001
0.078366	0.053623	0.10461
0.56987	0.0080017	0.99456	5	20	0.01	4	0.12012	1001
0	1.0015e-18	0
0.56969	0.007644	0.99456	5	20	0.01	8	0.18502	1001
0.00057392	0.00053852	0
0.5686	0.0066602	0.99456	5	20	0.01	12	0.14865	1001
0.0014941	0.0014567	0
0.56552	0.004266	0.99456	5	20	0.01	16	0.23314	1001
0.0021303	0.0012337	0
0.61525	0.14969	0.86534	5	20	0.1	4	0.33695	1001
0.022957	0.073784	0.068105
0.58094	0.044155	0.96298	5	20	0.1	8	0.36103	1001
0.022884	0.076124	0.06658
0.57205	0.022437	0.97713	5	20	0.1	12	0.68766	1001
0.013948	0.052812	0.055096
0.5657	0.0044343	0.99456	5	20	0.1	16	0.42872	1001
0.0022716	0.001366	0
0.49909	0.26402	0.6461	5	20	1	4	0.26103	1001
5.8514e-17	6.6716e-17	1.1703e-16
0.58512	0.24782	0.78167	5	20	1	8	0.31309	1001
0.072677	0.056555	0.063616
0.53811	0.11811	0.85554	5	20	1	12	0.5177	1001
0.099711	0.068817	0.063091
0.55681	0.072086	0.93811	5	20	1	16	0.43613	1001
0.040535	0.054399	0.017791
0.50272	0.29215	0.62686	5	20	10	4	0.17583	1001
0.0036298	0.0071372	0.0036499
0.47713	0.24895	0.62214	5	20	10	8	0.21225	1001
0.057126	0.056837	0.076688
0.48603	0.15342	0.76298	5	20	10	12	0.28819	1001
0.052222	0.058135	0.067459
0.48004	0.094909	0.80218	5	20	10	16	0.46821	1001
0.067215	0.038443	0.063794
0.49964	0.28806	0.62976	5	20	20	4	0.14777	1001
0.0056134	0.0045663	0.0039206
0.53412	0.25321	0.72105	5	20	20	8	0.18501	1001
0.066132	0.068616	0.075439
0.51579	0.1289	0.77332	5	20	20	12	0.41398	1001
0.06649	0.047833	0.086796
0.49165	0.12414	0.78893	5	20	20	16	0.163	1001
0.056766	0.052588	0.078608
0.45789	0.25641	0.62831	5	20	50	4	0.1138	1001
0.0046899	0.0013443	0.004429
0.52305	0.24049	0.69365	5	20	50	8	0.13122	1001
0.064153	0.042234	0.071194
0.47858	0.19582	0.67459	5	20	50	12	0.21913	1001
0.06361	0.047285	0.092336
0.48711	0.1809	0.68984	5	20	50	16	0.3582	1001
0.058241	0.065068	0.11889
0.45953	0.24604	0.62069	5	20	100	4	0.078936	1001
0.0011478	0.0035272	0.0051333
0.5147	0.2158	0.68639	5	20	100	8	0.18017	1001
0.083037	0.052679	0.093132
0.48131	0.16371	0.71742	5	20	100	12	0.2751	1001
0.073983	0.059673	0.10557
0.46298	0.13109	0.70436	5	20	100	16	0.1869	1001
0.053534	0.036744	0.10982
0.51016	0.29824	0.62087	5	20	500	4	0.14303	1001
0.02367	0.024043	0.0010302
0.52922	0.24269	0.69819	5	20	500	8	0.12142	1001
0.058071	0.061958	0.071519
0.46171	0.14832	0.71579	5	20	500	12	0.23815	1001
0.082732	0.048909	0.096012
0.5363	0.15815	0.72686	5	20	500	16	0.53145	1001
0.09963	0.063116	0.11065
0.51724	0.30456	0.62396	5	20	1000	4	0.1302	1001
0.00085554	0.00035147	0.00076522
0.53612	0.19943	0.74791	5	20	1000	8	0.20903	1001
0.023866	0.052795	0.041689
0.53884	0.1983	0.74955	5	20	1000	12	0.14829	1001
0.087251	0.069086	0.070752
0.50417	0.13561	0.77114	5	20	1000	16	0.26261	1001
0.063902	0.041059	0.052338
0.51525	0.30416	0.62595	5	20	10000	4	0.14048	1001
0.00057392	0.00034667	0.00057392
0.54991	0.22934	0.74537	5	20	10000	8	0.10627	1001
0.015088	0.023547	0.029077
0.4971	0.17008	0.70436	5	20	10000	12	0.20937	1001
0.051186	0.034305	0.080182
0.51906	0.14856	0.73557	5	20	10000	16	0.20565	1001
0.069946	0.051527	0.077714
0.56987	0.0080017	0.99456	5	24	0.01	4	0.1286	1001
0	1.5299e-18	0
0.56788	0.0061775	0.99456	5	24	0.01	8	0.23199	1001
0.0019973	0.0018443	0
0.56751	0.0054913	0.99456	5	24	0.01	12	0.097232	1001
0.0014941	0.001247	0
0.56642	0.0045966	0.99456	5	24	0.01	16	0.16941	1001
0.00057392	0.0005322	0
0.61216	0.20141	0.8069	5	24	0.1	4	0.5691	1001
0.019454	0.0040231	0.023449
0.57822	0.02927	0.97459	5	24	0.1	8	0.61439	1001
0.016394	0.051889	0.052097
0.57586	0.028392	0.97405	5	24	0.1	12	0.43986	1001
0.015353	0.054081	0.052642
0.57931	0.044685	0.95699	5	24	0.1	16	0.39822	1001
0.023922	0.074228	0.068074
0.50091	0.16338	0.68603	5	24	1	4	0.34418	1001
1.1703e-16	1.3084e-17	1.1703e-16
0.55354	0.20017	0.75753	5	24	1	8	0.5545	1001
0.076847	0.06466	0.10069
0.59038	0.1635	0.85953	5	24	1	12	0.39376	1001
0.064445	0.1092	0.071473
0.60091	0.13815	0.86897	5	24	1	16	0.54422	1001
0.068606	0.060564	0.10724
0.56352	0.35675	0.62795	5	24	10	4	0.14781	1001
0.00095653	0.00037807	1.1703e-16
0.55826	0.16272	0.79111	5	24	10	8	0.32244	1001
0.10125	0.11751	0.087108
0.53612	0.15308	0.81198	5	24	10	12	0.26036	1001
0.089134	0.10082	0.077907
0.58784	0.17568	0.82359	5	24	10	16	0.36875	1001
0.1038	0.074471	0.099098
0.85626	0.53853	0.85626	5	24	20	4	0.19627	1001
0.0018744	0.0037573	0.0018744
0.55372	0.20279	0.74392	5	24	20	8	0.27199	1001
0.12496	0.11506	0.085966
0.51615	0.18872	0.74102	5	24	20	12	0.32258	1001
0.056083	0.044893	0.03434
0.56207	0.13824	0.86479	5	24	20	16	0.26307	1001
0.07213	0.077094	0.078934
0.85481	0.53795	0.85481	5	24	50	4	0.22036	1001
1.1703e-16	3.7007e-17	1.1703e-16
0.50926	0.18189	0.70399	5	24	50	8	0.30757	1001
0.086504	0.084347	0.074631
0.5294	0.1316	0.81307	5	24	50	12	0.14233	1001
0.062255	0.059488	0.069878
0.53612	0.12309	0.78548	5	24	50	16	0.26724	1001
0.098845	0.068205	0.12477
0.85299	0.53374	0.85299	5	24	100	4	0.17394	1001
0	3.7007e-17	0
0.55064	0.16951	0.75045	5	24	100	8	0.20001	1001
0.094262	0.072542	0.098815
0.52668	0.13338	0.80345	5	24	100	12	0.23933	1001
0.073312	0.060441	0.082164
0.55662	0.16027	0.81198	5	24	100	16	0.32971	1001
0.089219	0.095711	0.1128
0.85808	0.54511	0.85808	5	24	500	4	0.23664	1001
0.0037095	0.0083171	0.0037095
0.55408	0.1767	0.76552	5	24	500	8	0.38383	1001
0.1014	0.08985	0.11509
0.51887	0.16232	0.75898	5	24	500	12	0.23019	1001
0.094465	0.060223	0.10172
0.56642	0.19153	0.77332	5	24	500	16	0.261	1001
0.091553	0.1023	0.10265
0.85953	0.54788	0.85953	5	24	1000	4	0.19353	1001
0.0032239	0.0075941	0.0032239
0.58475	0.20758	0.78857	5	24	1000	8	0.26215	1001
0.093112	0.067378	0.09011
0.54737	0.18168	0.77296	5	24	1000	12	0.21912	1001
0.068711	0.077942	0.097218
0.54319	0.14385	0.82396	5	24	1000	16	0.19189	1001
0.076728	0.078741	0.077892
0.8588	0.54688	0.8588	5	24	10000	4	0.12388	1001
0.0039946	0.0093675	0.0039946
0.65917	0.31442	0.83721	5	24	10000	8	0.27791	1001
0.10225	0.098872	0.050629
0.52069	0.15947	0.80054	5	24	10000	12	0.14683	1001
0.085334	0.084588	0.10767
0.51397	0.11107	0.8069	5	24	10000	16	0.20835	1001
0.062101	0.048168	0.1289
0.57169	0.0096898	0.99456	6	8	0.01	4	0.12192	1001
0	1.8286e-18	0
0.56987	0.0078142	0.99456	6	8	0.01	8	0.20905	1001
0	1.8286e-18	0
0.56425	0.20264	0.76552	6	8	0.01	12	0.18929	1001
0.10216	0.10378	0.067087
0.61125	0.20471	0.8078	6	8	0.01	16	0.25192	1001
0.078224	0.089684	0.056682
0.57169	0.0096898	0.99456	6	8	0.1	4	0.36148	1001
0	1.8286e-18	0
0.57024	0.0081894	0.99456	6	8	0.1	8	0.40016	1001
0.00076522	0.00079081	0
0.56062	0.19513	0.74809	6	8	0.1	12	0.22349	1001
0.089544	0.078299	0.062693
0.59855	0.22186	0.82305	6	8	0.1	16	0.24811	1001
0.078964	0.080543	0.061826
0.52632	0.21289	0.74229	6	8	1	4	0.38795	1001
0	0	1.1703e-16
0.56897	0.16478	0.83339	6	8	1	8	0.48497	1001
0.063612	0.079233	0.086498
0.60036	0.18724	0.82777	6	8	1	12	0.15334	1001
0.060573	0.083353	0.064123
0.57967	0.19105	0.802	6	8	1	16	0.37823	1001
0.078887	0.093999	0.083609
0.47024	0.2486	0.68421	6	8	10	4	0.18568	1001
0.017791	0.011194	0.017217
0.57042	0.163	0.87005	6	8	10	8	0.28967	1001
0.036529	0.048232	0.052126
0.56624	0.18174	0.80327	6	8	10	12	0.43392	1001
0.087244	0.085645	0.095408
0.53775	0.15325	0.81688	6	8	10	16	0.64894	1001
0.073128	0.088169	0.093295
0.51543	0.31308	0.72232	6	8	20	4	0.16355	1001
1.1703e-16	4.5325e-17	1.1703e-16
0.57387	0.16588	0.85681	6	8	20	8	0.34903	1001
0.0823	0.097167	0.043737
0.60544	0.21991	0.82904	6	8	20	12	0.48286	1001
0.066183	0.07458	0.059093
0.598	0.21284	0.82396	6	8	20	16	2.1462	1001
0.079207	0.066423	0.06338
0.49292	0.29891	0.698	6	8	50	4	0.2832	1001
0.0009372	8.5479e-05	0.0009372
0.56098	0.21879	0.77024	6	8	50	8	0.32268	1001
0.10353	0.083565	0.050107
0.60036	0.23102	0.8078	6	8	50	12	0.59752	1001
0.094648	0.063562	0.088193
0.5882	0.1747	0.82995	6	8	50	16	1.1082	1001
0.093456	0.1121	0.081015
0.47877	0.27682	0.6784	6	8	100	4	0.24651	1001
0.002231	0.0043614	0.002231
0.6804	0.32233	0.79093	6	8	100	8	0.31917	1001
0.079861	0.068767	0.055153
0.62323	0.22284	0.83339	6	8	100	12	0.3789	1001
0.092479	0.085479	0.057365
0.64828	0.25925	0.86515	6	8	100	16	1.0867	1001
0.10585	0.10872	0.041173
0.45917	0.21341	0.62813	6	8	500	4	0.20922	1001
5.8514e-17	0.00012098	0.00057392
0.51525	0.26724	0.71633	6	8	500	8	0.27428	1001
0.041733	0.064769	0.041227
0.59111	0.19062	0.82486	6	8	500	12	0.42856	1001
0.047032	0.063728	0.085157
0.58566	0.1787	0.82142	6	8	500	16	0.40384	1001
0.077018	0.086643	0.052211
0.45644	0.21225	0.63811	6	8	1000	4	0.14695	1001
0.0028696	0.0017839	0.0022957
0.51887	0.2827	0.6706	6	8	1000	8	0.30379	1001
0.041034	0.044611	0.040755
0.64465	0.26588	0.82632	6	8	1000	12	0.38419	1001
0.080315	0.070033	0.055042
0.56733	0.20561	0.76098	6	8	1000	16	0.38995	1001
0.056564	0.046222	0.1067
0.45898	0.20435	0.63557	6	8	10000	4	0.25142	1001
0.00057392	0.00096023	0.0011478
0.61343	0.28419	0.71706	6	8	10000	8	0.31231	1001
0.073002	0.050589	0.044129
0.54247	0.20547	0.73775	6	8	10000	12	0.44463	1001
0.080026	0.093651	0.049557
0.61924	0.21989	0.81488	6	8	10000	16	0.41427	1001
0.075665	0.089326	0.0438
0.56987	0.0080017	0.99456	6	12	0.01	4	0.10822	1001
0	1.0015e-18	0
0.56969	0.0077929	0.99456	6	12	0.01	8	0.21496	1001
0.0015891	0.0015494	0
0.5677	0.0059865	0.99456	6	12	0.01	12	0.30469	1001
0.0020604	0.0015282	0
0.5245	0.17757	0.75299	6	12	0.01	16	0.38634	1001
0.082043	0.041067	0.056978
0.57132	0.0093522	0.99456	6	12	0.1	4	0.52119	1001
0.00076522	0.0007118	0
0.57005	0.0080191	0.99456	6	12	0.1	8	0.51007	1001
0.0010302	0.0010283	0
0.56824	0.0063231	0.99456	6	12	0.1	12	0.52433	1001
0.0013391	0.0013023	0
0.50163	0.13249	0.80236	6	12	0.1	16	0.41392	1001
0.064898	0.073132	0.068585
0.57169	0.33033	0.72414	6	12	1	4	0.43199	1001
0	5.5511e-17	1.1703e-16
0.59982	0.16481	0.89292	6	12	1	8	0.44153	1001
0.062262	0.028165	0.079049
0.5637	0.073658	0.9167	6	12	1	12	0.26089	1001
0.049667	0.043465	0.016819
0.56733	0.088026	0.90563	6	12	1	16	0.44702	1001
0.046627	0.061126	0.030236
0.51343	0.34997	0.66624	6	12	10	4	0.089161	1001
0.00057392	0.001172	0.00057392
0.55826	0.23494	0.73775	6	12	10	8	0.093197	1001
0.12546	0.11877	0.072566
0.55608	0.1219	0.85064	6	12	10	12	0.19814	1001
0.067231	0.062383	0.10279
0.60036	0.14043	0.92087	6	12	10	16	0.32136	1001
0.036487	0.058378	0.02005
0.44283	0.27819	0.59165	6	12	20	4	0.17662	1001
0	4.8956e-17	1.1703e-16
0.53303	0.26929	0.7049	6	12	20	8	0.21535	1001
0.12101	0.1137	0.071984
0.52033	0.14652	0.80708	6	12	20	12	0.19007	1001
0.083415	0.063761	0.10531
0.61379	0.15057	0.86951	6	12	20	16	0.35822	1001
0.071707	0.08591	0.050733
0.51906	0.33585	0.66788	6	12	50	4	0.16743	1001
1.1703e-16	4.1376e-17	0
0.58185	0.31995	0.71633	6	12	50	8	0.11228	1001
0.13719	0.079349	0.10336
0.52831	0.17423	0.78113	6	12	50	12	0.19344	1001
0.092262	0.063054	0.040683
0.54301	0.10322	0.83303	6	12	50	16	0.12956	1001
0.066857	0.04168	0.10716
0.52269	0.33958	0.67151	6	12	100	4	0.11803	1001
0	4.5325e-17	1.1703e-16
0.53031	0.26574	0.67949	6	12	100	8	0.19325	1001
0.074711	0.037113	0.082812
0.57604	0.18809	0.80672	6	12	100	12	0.11031	1001
0.044703	0.042678	0.084847
0.55517	0.17579	0.79347	6	12	100	16	0.2099	1001
0.083126	0.067035	0.088419
0.52632	0.33521	0.67332	6	12	500	4	0.12488	1001
0	4.8956e-17	1.1703e-16
0.54755	0.30281	0.63993	6	12	500	8	0.18067	1001
0.095323	0.077323	0.09621
0.49964	0.17978	0.74555	6	12	500	12	0.089773	1001
0.088237	0.084509	0.061443
0.54283	0.17193	0.74936	6	12	500	16	0.12868	1001
0.063555	0.060748	0.10719
0.52632	0.33521	0.67332	6	12	1000	4	0.075518	1001
0	5.2336e-17	1.1703e-16
0.5274	0.27581	0.65463	6	12	1000	8	0.1559	1001
0.058835	0.028767	0.071421
0.54156	0.26724	0.68857	6	12	1000	12	0.18598	1001
0.088635	0.053855	0.058866
0.51452	0.17945	0.6971	6	12	1000	16	0.2868	1001
0.063577	0.046914	0.11381
0.52632	0.33521	0.67332	6	12	10000	4	0.17142	1001
0	4.5325e-17	1.1703e-16
0.59292	0.30862	0.73521	6	12	10000	8	0.09377	1001
0.077991	0.064953	0.064368
0.55499	0.23631	0.75826	6	12	10000	12	0.25634	1001
0.068555	0.10105	0.049041
0.52541	0.17454	0.74682	6	12	10000	16	0.29192	1001
0.0483	0.053136	0.078081
0.56987	0.0080017	0.99456	6	16	0.01	4	0.090989	1001
0	1.6355e-18	0
0.5677	0.0057954	0.99456	6	16	0.01	8	0.17634	1001
0.0011478	0.0011092	0
0.56606	0.0044303	0.99456	6	16	0.01	12	0.080376	1001
0.0013391	0.00078869	0
0.56479	0.0039541	0.99456	6	16	0.01	16	0.21065	1001
0.002538	0.0016448	0
0.60054	0.093413	0.90889	6	16	0.1	4	0.29826	1001
0.028044	0.084663	0.086295
0.56987	0.0078315	0.99456	6	16	0.1	8	0.24122	1001
0.00085554	0.00084425	0
0.56788	0.005947	0.99456	6	16	0.1	12	0.45125	1001
0.0013391	0.0012484	0
0.56661	0.0053375	0.99456	6	16	0.1	16	0.67203	1001
0.002538	0.0018885	0
0.62704	0.2807	0.82486	6	16	1	4	0.1711	1001
0.0017637	0.001798	0.0017637
0.5775	0.14371	0.85045	6	16	1	8	0.28667	1001
0.039548	0.067395	0.098682
0.59837	0.11819	0.89891	6	16	1	12	0.51069	1001
0.027284	0.058156	0.038576
0.58603	0.083336	0.93466	6	16	1	16	0.87834	1001
0.047584	0.061824	0.024244
0.50163	0.2479	0.69038	6	16	10	4	0.15071	1001
0.027219	0.016322	0.027219
0.50454	0.16945	0.75789	6	16	10	8	0.18858	1001
0.088175	0.044924	0.086059
0.51561	0.15078	0.78711	6	16	10	12	0.55137	1001
0.082946	0.066299	0.10683
0.5588	0.093691	0.89964	6	16	10	16	0.53617	1001
0.052985	0.046482	0.087375
0.48639	0.24734	0.67877	6	16	20	4	0.093398	1001
0	5.3947e-17	1.1703e-16
0.54319	0.15298	0.7755	6	16	20	8	0.15985	1001
0.070415	0.075463	0.084248
0.51034	0.1456	0.76515	6	16	20	12	0.16284	1001
0.060465	0.061071	0.10825
0.59256	0.14049	0.87532	6	16	20	16	0.34583	1001
0.056129	0.070329	0.090267
0.46642	0.24987	0.64791	6	16	50	4	0.16864	1001
0	3.8146e-17	0
0.56588	0.17364	0.79873	6	16	50	8	0.083999	1001
0.090513	0.075879	0.087062
0.5441	0.13841	0.798	6	16	50	12	0.15182	1001
0.047863	0.056739	0.10306
0.53975	0.18245	0.751	6	16	50	16	0.26449	1001
0.10171	0.050422	0.11481
0.47187	0.25309	0.6461	6	16	100	4	0.17338	1001
1.1703e-16	1.8504e-17	1.1703e-16
0.56842	0.16341	0.79474	6	16	100	8	0.17648	1001
0.059279	0.051767	0.084155
0.52305	0.1798	0.75191	6	16	100	12	0.34691	1001
0.076166	0.07494	0.1033
0.56606	0.15962	0.78475	6	16	100	16	0.46233	1001
0.082742	0.057358	0.098109
0.47368	0.24909	0.64065	6	16	500	4	0.17004	1001
5.8514e-17	2.4478e-17	1.1703e-16
0.57967	0.1304	0.84501	6	16	500	8	0.072095	1001
0.061838	0.065807	0.070452
0.4971	0.13774	0.76116	6	16	500	12	0.085268	1001
0.02274	0.050933	0.078001
0.50309	0.1298	0.71143	6	16	500	16	0.24423	1001
0.054479	0.047602	0.11017
0.47368	0.24909	0.64065	6	16	1000	4	0.065818	1001
5.8514e-17	2.6168e-17	1.1703e-16
0.54211	0.14779	0.80726	6	16	1000	8	0.13673	1001
0.08092	0.05891	0.069772
0.48857	0.16353	0.74301	6	16	1000	12	0.14432	1001
0.045083	0.05693	0.09992
0.51397	0.18978	0.7127	6	16	1000	16	0.42148	1001
0.098178	0.064671	0.091559
0.4755	0.24938	0.63884	6	16	10000	4	0.13648	1001
5.8514e-17	7.2849e-17	1.1703e-16
0.56951	0.15356	0.79855	6	16	10000	8	0.17718	1001
0.060809	0.062498	0.051104
0.48893	0.19476	0.6873	6	16	10000	12	0.29147	1001
0.062725	0.025066	0.10902
0.54356	0.16537	0.77096	6	16	10000	16	0.35839	1001
0.067654	0.055012	0.087591
0.56987	0.0080017	0.99456	6	20	0.01	4	0.11407	1001
0	1.0015e-18	0
0.56987	0.0078142	0.99456	6	20	0.01	8	0.21055	1001
0	1.8286e-18	0
0.56824	0.0063023	0.99456	6	20	0.01	12	0.15853	1001
0.0010302	0.00099671	0
0.56679	0.0051035	0.99456	6	20	0.01	16	0.27681	1001
0.0017217	0.0011723	0
0.58966	0.079016	0.92759	6	20	0.1	4	0.26152	1001
0.023217	0.089503	0.086467
0.57024	0.0081894	0.99456	6	20	0.1	8	0.54133	1001
0.00076522	0.00079081	0
0.56806	0.0061153	0.99456	6	20	0.1	12	0.6016	1001
0.0012099	0.0011286	0
0.56642	0.0047669	0.99456	6	20	0.1	16	0.62559	1001
0.0015891	0.0010602	0
0.52269	0.27159	0.67332	6	20	1	4	0.23621	1001
0	3.2049e-17	1.1703e-16
0.56987	0.28896	0.76443	6	20	1	8	0.64253	1001
0.062255	0.084119	0.047224
0.52505	0.12289	0.79655	6	20	1	12	0.62224	1001
0.082546	0.07201	0.13145
0.56207	0.073647	0.9245	6	20	1	16	0.37456	1001
0.037106	0.054415	0.066761
0.55354	0.34045	0.63521	6	20	10	4	0.14297	1001
0	3.2049e-17	0
0.5	0.26825	0.64356	6	20	10	8	0.14469	1001
0.050869	0.0347	0.073003
0.46025	0.073445	0.82069	6	20	10	12	0.51197	1001
0.060431	0.022087	0.070237
0.55064	0.12224	0.79728	6	20	10	16	0.33484	1001
0.050623	0.04852	0.062753
0.51325	0.30157	0.62269	6	20	20	4	0.088834	1001
0.018365	0.011862	0.00057392
0.51143	0.24683	0.6608	6	20	20	8	0.094212	1001
0.064659	0.03531	0.081544
0.49619	0.16094	0.72704	6	20	20	12	0.2526	1001
0.057635	0.06962	0.064167
0.51143	0.1379	0.78403	6	20	20	16	0.37384	1001
0.062166	0.039682	0.091471
0.43666	0.23036	0.63775	6	20	50	4	0.19551	1001
0.0009372	0.00058975	0.0009372
0.47223	0.20847	0.65408	6	20	50	8	0.19905	1001
0.047748	0.05807	0.057233
0.4804	0.15191	0.72341	6	20	50	12	0.35467	1001
0.057277	0.065273	0.10267
0.4726	0.15021	0.70145	6	20	50	16	0.25279	1001
0.047072	0.052031	0.09358
0.43866	0.233	0.63902	6	20	100	4	0.18307	1001
0.00087667	0.0037755	0.0015891
0.49474	0.20957	0.6539	6	20	100	8	0.15733	1001
0.065443	0.056014	0.066005
0.4902	0.16319	0.7323	6	20	100	12	0.37993	1001
0.053671	0.06968	0.089862
0.47895	0.14793	0.70581	6	20	100	16	0.25471	1001
0.053841	0.053364	0.095263
0.44628	0.24145	0.63739	6	20	500	4	0.16383	1001
0.022383	0.029873	0.0045913
0.52904	0.24375	0.68203	6	20	500	8	0.088384	1001
0.023837	0.0057605	0.041675
0.5176	0.15706	0.78167	6	20	500	12	0.25399	1001
0.05355	0.065965	0.067502
0.49093	0.12875	0.73376	6	20	500	16	0.25176	1001
0.059121	0.047164	0.075908
0.4392	0.232	0.63884	6	20	1000	4	0.1822	1001
5.8514e-17	2.2662e-17	1.1703e-16
0.4706	0.22412	0.63648	6	20	1000	8	0.16464	1001
0.044792	0.045072	0.039753
0.50853	0.14715	0.77405	6	20	1000	12	0.15699	1001
0.05429	0.058043	0.038559
0.50345	0.15985	0.72559	6	20	1000	16	0.1174	1001
0.074138	0.053343	0.058125
0.4392	0.232	0.63884	6	20	10000	4	0.11907	1001
5.8514e-17	3.3358e-17	1.1703e-16
0.498	0.23705	0.65898	6	20	10000	8	0.1224	1001
0.042564	0.042725	0.048904
0.51016	0.13653	0.7686	6	20	10000	12	0.19298	1001
0.08794	0.054822	0.071243
0.53085	0.1527	0.76279	6	20	10000	16	0.22105	1001
0.0797	0.049635	0.10422
0.56987	0.0080017	0.99456	6	24	0.01	4	0.093412	1001
0	1.5299e-18	0
0.56806	0.0061553	0.99456	6	24	0.01	8	0.24483	1001
0.0019131	0.0018436	0
0.56679	0.0051242	0.99456	6	24	0.01	12	0.24514	1001
0.0019226	0.0014602	0
0.5657	0.004264	0.99456	6	24	0.01	16	0.22961	1001
0.0017217	0.00094835	0
0.62178	0.16153	0.84192	6	24	0.1	4	0.46882	1001
0.013149	0.046624	0.045981
0.57151	0.010346	0.99274	6	24	0.1	8	0.48836	1001
0.0058933	0.0086014	0.0057392
0.57387	0.025717	0.97623	6	24	0.1	12	0.5041	1001
0.015771	0.056148	0.051903
0.57151	0.022677	0.97858	6	24	0.1	16	0.59234	1001
0.018016	0.057704	0.050505
0.47187	0.19075	0.66243	6	24	1	4	0.19926	1001
1.1703e-16	3.7007e-17	1.1703e-16
0.5735	0.1987	0.79201	6	24	1	8	0.36677	1001
0.074137	0.048287	0.052441
0.55408	0.11191	0.86443	6	24	1	12	0.41086	1001
0.067653	0.077939	0.12026
0.60145	0.11824	0.93376	6	24	1	16	0.60519	1001
0.046815	0.062962	0.027647
0.50672	0.29855	0.66388	6	24	10	4	0.17286	1001
0.00076522	0.00035095	0.00076522
0.50799	0.14456	0.73339	6	24	10	8	0.26296	1001
0.045291	0.083768	0.10393
0.51198	0.13788	0.7951	6	24	10	12	0.35345	1001
0.10548	0.081	0.057107
0.56352	0.12212	0.84991	6	24	10	16	0.29319	1001
0.077185	0.060584	0.071227
0.50998	0.34067	0.60617	6	24	20	4	0.1659	1001
0	7.4015e-17	1.1703e-16
0.51488	0.1917	0.72486	6	24	20	8	0.24104	1001
0.064858	0.075928	0.0704
0.52432	0.17346	0.76806	6	24	20	12	0.14954	1001
0.10175	0.060093	0.088228
0.54138	0.13957	0.78457	6	24	20	16	0.16422	1001
0.066804	0.058222	0.088548
0.52486	0.35074	0.6147	6	24	50	4	0.22098	1001
0.058539	0.022179	0.026974
0.50109	0.11329	0.75245	6	24	50	8	0.32965	1001
0.086323	0.050245	0.09727
0.51815	0.10147	0.83321	6	24	50	12	0.29006	1001
0.052414	0.058562	0.095872
0.53412	0.16919	0.75281	6	24	50	16	0.26529	1001
0.1009	0.088136	0.10459
0.50817	0.34391	0.60617	6	24	100	4	0.22622	1001
0	6.6716e-17	1.1703e-16
0.54483	0.16235	0.77187	6	24	100	8	0.30645	1001
0.099519	0.10575	0.11142
0.51107	0.12379	0.80599	6	24	100	12	0.25478	1001
0.089097	0.070965	0.12641
0.55735	0.15232	0.79564	6	24	100	16	0.36008	1001
0.1101	0.072283	0.11123
0.50962	0.34399	0.60399	6	24	500	4	0.15573	1001
0.0011478	0.00052341	0.0018744
0.54301	0.15033	0.76679	6	24	500	8	0.19809	1001
0.080842	0.089596	0.087618
0.54392	0.13644	0.80889	6	24	500	12	0.2347	1001
0.061421	0.055041	0.098536
0.53848	0.10584	0.81416	6	24	500	16	0.12978	1001
0.072737	0.039805	0.11033
0.50926	0.342	0.60672	6	24	1000	4	0.11545	1001
0.0009372	0.0030156	0.0054143
0.55499	0.21323	0.73775	6	24	1000	8	0.14603	1001
0.056198	0.099167	0.093228
0.51742	0.13353	0.81162	6	24	1000	12	0.13124	1001
0.088896	0.076449	0.10751
0.53739	0.11559	0.82795	6	24	1000	16	0.21014	1001
0.07316	0.061953	0.11389
0.53539	0.35166	0.61379	6	24	10000	4	0.21441	1001
0.063495	0.026024	0.033011
0.58367	0.2523	0.77132	6	24	10000	8	0.27855	1001
0.09066	0.085103	0.099103
0.4775	0.1276	0.76697	6	24	10000	12	0.10258	1001
0.063618	0.043299	0.089898
0.54319	0.14189	0.78131	6	24	10000	16	0.16288	1001
0.043658	0.057763	0.10071
0.57169	0.0096898	0.99456	7	8	0.01	4	0.12188	1001
0	1.8286e-18	0
0.57005	0.0080018	0.99456	7	8	0.01	8	0.15945	1001
0.00057392	0.00059311	0
0.57387	0.21362	0.76116	7	8	0.01	12	0.13458	1001
0.076817	0.074194	0.059675
0.56007	0.1701	0.79982	7	8	0.01	16	0.091288	1001
0.079961	0.089165	0.089268
0.57169	0.0096898	0.99456	7	8	0.1	4	0.2602	1001
0	1.8286e-18	0
0.57005	0.0080018	0.99456	7	8	0.1	8	0.42863	1001
0.00057392	0.00059311	0
0.61325	0.26536	0.77822	7	8	0.1	12	0.23505	1001
0.11314	0.10641	0.052849
0.62613	0.22832	0.84392	7	8	0.1	16	0.25707	1001
0.056531	0.05752	0.035472
0.5265	0.19836	0.74428	7	8	1	4	0.42065	1001
0.00057392	0.00017359	0.00057392
0.52541	0.19086	0.74319	7	8	1	8	0.41047	1001
0.0073721	0.019144	0.0073721
0.53702	0.16313	0.78494	7	8	1	12	0.33417	1001
0.098938	0.077511	0.075503
0.54646	0.16782	0.78548	7	8	1	16	0.43274	1001
0.090037	0.076382	0.085519
0.45917	0.2743	0.67514	7	8	10	4	0.166	1001
5.8514e-17	1.8504e-17	1.1703e-16
0.56534	0.1612	0.83721	7	8	10	8	0.47913	1001
0.058523	0.051781	0.065899
0.58784	0.20269	0.84247	7	8	10	12	0.2011	1001
0.092266	0.093173	0.062142
0.58911	0.18222	0.8176	7	8	10	16	0.52142	1001
0.1023	0.10179	0.080395
0.45735	0.27413	0.66788	7	8	20	4	0.19662	1001
5.8514e-17	3.7007e-17	0
0.61633	0.20192	0.87514	7	8	20	8	0.35917	1001
0.04782	0.056757	0.05837
0.62613	0.22501	0.84574	7	8	20	12	0.25592	1001
0.072333	0.077427	0.056699
0.56098	0.18566	0.80617	7	8	20	16	0.45668	1001
0.075377	0.067441	0.064392
0.44646	0.2319	0.6461	7	8	50	4	0.14	1001
0	3.8146e-17	1.1703e-16
0.65445	0.29712	0.81034	7	8	50	8	0.30215	1001
0.082975	0.057493	0.079691
0.64083	0.24264	0.84991	7	8	50	12	0.33151	1001
0.083806	0.098051	0.024214
0.63176	0.2448	0.81652	7	8	50	16	0.5047	1001
0.063278	0.07991	0.08571
0.48076	0.29622	0.67677	7	8	100	4	0.1853	1001
0.0018048	0.0034492	0.0018048
0.54828	0.2882	0.76987	7	8	100	8	0.2354	1001
0.097691	0.096026	0.050389
0.64301	0.27004	0.81397	7	8	100	12	0.17824	1001
0.10131	0.067722	0.073508
0.58693	0.22621	0.81071	7	8	100	16	0.52651	1001
0.092743	0.047242	0.070457
0.45372	0.22404	0.60799	7	8	500	4	0.14542	1001
5.8514e-17	3.7007e-17	1.1703e-16
0.52704	0.29365	0.70236	7	8	500	8	0.1777	1001
0.048345	0.050048	0.053933
0.60363	0.26633	0.76697	7	8	500	12	0.1319	1001
0.10807	0.11151	0.085225
0.60472	0.20754	0.83793	7	8	500	16	0.25146	1001
0.091166	0.09214	0.045969
0.42377	0.16517	0.61615	7	8	1000	4	0.16399	1001
0.0019603	0.0014393	0.0019603
0.52759	0.26885	0.71561	7	8	1000	8	0.24593	1001
0.069799	0.054107	0.05411
0.60708	0.248	0.77078	7	8	1000	12	0.20223	1001
0.07025	0.078784	0.08178
0.55064	0.21683	0.74501	7	8	1000	16	0.40325	1001
0.12382	0.094456	0.086935
0.43212	0.17004	0.60145	7	8	10000	4	0.080768	1001
0.0030187	0.0039522	0.0043792
0.60236	0.28922	0.6784	7	8	10000	8	0.18329	1001
0.082428	0.067901	0.063476
0.64338	0.31743	0.71688	7	8	10000	12	0.2996	1001
0.057125	0.058133	0.06648
0.54501	0.20586	0.75209	7	8	10000	16	0.3814	1001
0.075884	0.073513	0.087023
0.56987	0.0080017	0.99456	7	12	0.01	4	0.12237	1001
0	1.0015e-18	0
0.57005	0.0080378	0.99456	7	12	0.01	8	0.21566	1001
0.0010302	0.0010258	0
0.56842	0.0063742	0.99456	7	12	0.01	12	0.07102	1001
0.0014316	0.0013249	0
0.51379	0.17312	0.74936	7	12	0.01	16	0.24344	1001
0.08249	0.053807	0.050007
0.57169	0.0096898	0.99456	7	12	0.1	4	0.41303	1001
0	1.8286e-18	0
0.56987	0.0078142	0.99456	7	12	0.1	8	0.43858	1001
0	1.8286e-18	0
0.56933	0.0073566	0.99456	7	12	0.1	12	0.16031	1001
0.0014941	0.0014711	0
0.52505	0.16918	0.7873	7	12	0.1	16	0.1203	1001
0.059459	0.076089	0.055852
0.49982	0.24234	0.66497	7	12	1	4	0.26841	1001
0.0009372	0.00014107	0.0009372
0.551	0.15672	0.83593	7	12	1	8	0.55991	1001
0.05681	0.097828	0.047605
0.58403	0.16262	0.87096	7	12	1	12	0.16668	1001
0.06405	0.040618	0.054146
0.55426	0.13326	0.85009	7	12	1	16	0.55816	1001
0.093939	0.083644	0.088429
0.47005	0.21767	0.66062	7	12	10	4	0.18821	1001
0	2.2662e-17	1.1703e-16
0.56443	0.24214	0.75227	7	12	10	8	0.19911	1001
0.047765	0.077018	0.062778
0.52432	0.11627	0.82432	7	12	10	12	0.27157	1001
0.06286	0.059988	0.091206
0.59165	0.16208	0.8167	7	12	10	16	0.41156	1001
0.046247	0.073476	0.10387
0.40799	0.21885	0.66915	7	12	20	4	0.18304	1001
0.027826	0.045778	0.01452
0.55517	0.25441	0.70091	7	12	20	8	0.20018	1001
0.1011	0.074039	0.09061
0.53739	0.1319	0.85064	7	12	20	12	0.3776	1001
0.069665	0.047083	0.072008
0.56116	0.11389	0.90635	7	12	20	16	0.32395	1001
0.070174	0.057358	0.040701
0.38475	0.19542	0.65699	7	12	50	4	0.14968	1001
5.8514e-17	0	1.1703e-16
0.57423	0.29739	0.698	7	12	50	8	0.1923	1001
0.08958	0.053153	0.090503
0.56334	0.19924	0.79764	7	12	50	12	0.1183	1001
0.060805	0.063588	0.069994
0.59564	0.1639	0.80309	7	12	50	16	0.39817	1001
0.070039	0.070002	0.086212
0.43739	0.2514	0.63521	7	12	100	4	0.1688	1001
5.8514e-17	5.5511e-17	0
0.55554	0.30092	0.67641	7	12	100	8	0.16715	1001
0.11044	0.047877	0.081999
0.53938	0.17006	0.77659	7	12	100	12	0.36238	1001
0.062541	0.036019	0.086055
0.59927	0.17923	0.84229	7	12	100	16	0.14815	1001
0.067348	0.070468	0.067161
0.42686	0.23117	0.62613	7	12	500	4	0.12393	1001
0.01607	0.019108	0.0057392
0.52214	0.27539	0.65554	7	12	500	8	0.11143	1001
0.057837	0.026671	0.060881
0.54229	0.19348	0.7078	7	12	500	12	0.12578	1001
0.044684	0.0391	0.074893
0.54628	0.12645	0.79347	7	12	500	16	0.1726	1001
0.04823	0.070378	0.11839
0.42849	0.23621	0.62541	7	12	1000	4	0.17838	1001
0.016644	0.023217	0.0022957
0.46588	0.24644	0.64192	7	12	1000	8	0.22087	1001
0.040266	0.040783	0.053402
0.51216	0.16208	0.76152	7	12	1000	12	0.34576	1001
0.067581	0.059623	0.049814
0.5323	0.13123	0.80472	7	12	1000	16	0.30487	1001
0.048586	0.055995	0.064491
0.39256	0.18477	0.6775	7	12	10000	4	0.15956	1001
0.0044496	0.0040123	0.0059919
0.4804	0.28345	0.63503	7	12	10000	8	0.18312	1001
0.052809	0.034452	0.047089
0.48657	0.16139	0.69837	7	12	10000	12	0.38609	1001
0.05632	0.060778	0.087662
0.50381	0.1557	0.75463	7	12	10000	16	0.35135	1001
0.082635	0.061866	0.086295
0.56987	0.0080017	0.99456	7	16	0.01	4	0.08601	1001
0	1.6355e-18	0
0.56788	0.005945	0.99456	7	16	0.01	8	0.22974	1001
0.0010302	0.00095964	0
0.56679	0.0049332	0.99456	7	16	0.01	12	0.10512	1001
0.00087667	0.00081295	0
0.56624	0.0059528	0.99456	7	16	0.01	16	0.22603	1001
0.0017111	0.0014022	0
0.57223	0.010749	0.99347	7	16	0.1	4	0.29252	1001
0.0038309	0.005334	0.0034435
0.56951	0.0074737	0.99456	7	16	0.1	8	0.24754	1001
0.00076522	0.00071802	0
0.56897	0.006982	0.99456	7	16	0.1	12	0.3974	1001
0.0015424	0.0014779	0
0.56606	0.0050023	0.99456	7	16	0.1	16	0.80867	1001
0.0021728	0.0016699	0
0.64973	0.29896	0.79129	7	16	1	4	0.22853	1001
0	5.5511e-17	0
0.57731	0.13471	0.85463	7	16	1	8	0.41846	1001
0.035507	0.064259	0.087204
0.57858	0.10493	0.89782	7	16	1	12	0.35112	1001
0.024074	0.070398	0.058152
0.55826	0.079962	0.90181	7	16	1	16	0.59716	1001
0.026065	0.070361	0.083034
0.49002	0.24904	0.6824	7	16	10	4	0.082806	1001
0	1.8504e-17	0
0.52142	0.15451	0.79038	7	16	10	8	0.16004	1001
0.072495	0.060735	0.11826
0.5677	0.15447	0.82377	7	16	10	12	0.20782	1001
0.070921	0.057149	0.10444
0.58185	0.099726	0.91289	7	16	10	16	0.49451	1001
0.060521	0.058608	0.10265
0.49183	0.24632	0.68421	7	16	20	4	0.13883	1001
0	2.6168e-17	0
0.53848	0.18878	0.78149	7	16	20	8	0.16528	1001
0.073088	0.061526	0.06452
0.57459	0.17463	0.81016	7	16	20	12	0.23215	1001
0.060521	0.070198	0.095585
0.57768	0.093489	0.90889	7	16	20	16	0.40652	1001
0.051475	0.043541	0.059617
0.51688	0.24599	0.70563	7	16	50	4	0.16586	1001
0.0011478	0.00017591	0.0011478
0.50817	0.2108	0.68221	7	16	50	8	0.21453	1001
0.069683	0.046919	0.074489
0.5127	0.13154	0.78076	7	16	50	12	0.30629	1001
0.057009	0.041182	0.10649
0.55935	0.095617	0.89256	7	16	50	16	0.36098	1001
0.057556	0.06626	0.040281
0.54755	0.23036	0.73993	7	16	100	4	0.14547	1001
0.029227	0.016072	0.035462
0.54864	0.16188	0.7412	7	16	100	8	0.21179	1001
0.038775	0.060269	0.069931
0.51579	0.12114	0.78548	7	16	100	12	0.293	1001
0.073903	0.032275	0.097189
0.54828	0.1743	0.77913	7	16	100	16	0.46577	1001
0.070703	0.063244	0.057963
0.56751	0.23413	0.76552	7	16	500	4	0.14364	1001
0.020729	0.0065959	0.02017
0.53376	0.15326	0.77223	7	16	500	8	0.22042	1001
0.051741	0.057923	0.070851
0.45154	0.14397	0.71869	7	16	500	12	0.27192	1001
0.045108	0.026185	0.079446
0.55935	0.19901	0.75318	7	16	500	16	0.41043	1001
0.1221	0.088438	0.10757
0.55753	0.23128	0.7559	7	16	1000	4	0.14331	1001
0.029249	0.0060921	0.028378
0.57532	0.19879	0.79147	7	16	1000	8	0.17574	1001
0.060326	0.061109	0.049728
0.47459	0.18082	0.68385	7	16	1000	12	0.20482	1001
0.046399	0.060579	0.10437
0.57604	0.15717	0.8343	7	16	1000	16	0.20555	1001
0.06523	0.069453	0.077066
0.57713	0.23584	0.77495	7	16	10000	4	0.19037	1001
1.1703e-16	3.7007e-17	0
0.53466	0.15604	0.7755	7	16	10000	8	0.15931	1001
0.056823	0.0624	0.061218
0.50563	0.17966	0.72396	7	16	10000	12	0.24498	1001
0.048049	0.072907	0.06851
0.53212	0.16911	0.78221	7	16	10000	16	0.38481	1001
0.076017	0.069047	0.075225
0.56987	0.0080017	0.99456	7	20	0.01	4	0.09713	1001
0	1.0015e-18	0
0.56987	0.0078142	0.99456	7	20	0.01	8	0.12244	1001
0	1.8286e-18	0
0.56824	0.0062836	0.99456	7	20	0.01	12	0.24537	1001
0.0010302	0.00096238	0
0.56733	0.0054381	0.99456	7	20	0.01	16	0.28704	1001
0.0009372	0.00086908	0
0.5853	0.063857	0.94483	7	20	0.1	4	0.34675	1001
0.021917	0.087219	0.080071
0.57005	0.0080018	0.99456	7	20	0.1	8	0.41579	1001
0.00057392	0.00059311	0
0.56824	0.0062856	0.99456	7	20	0.1	12	0.60569	1001
0.0013391	0.0012499	0
0.56624	0.0047689	0.99456	7	20	0.1	16	0.56911	1001
0.0020956	0.0013208	0
0.54973	0.3022	0.70399	7	20	1	4	0.21883	1001
0.00057392	0.00012579	0.00057392
0.50998	0.22253	0.72958	7	20	1	8	0.40403	1001
0.033975	0.087023	0.052307
0.56243	0.1199	0.86915	7	20	1	12	0.6798	1001
0.038967	0.079457	0.091201
0.57786	0.10085	0.92904	7	20	1	16	0.44296	1001
0.055651	0.060819	0.049203
0.54446	0.34341	0.65154	7	20	10	4	0.14517	1001
1.1703e-16	4.8956e-17	0
0.52613	0.28356	0.68748	7	20	10	8	0.19916	1001
0.084072	0.056123	0.077877
0.51615	0.11124	0.82468	7	20	10	12	0.29006	1001
0.069558	0.061556	0.097788
0.54555	0.13597	0.82668	7	20	10	16	0.37645	1001
0.074133	0.070065	0.09751
0.52269	0.3248	0.6392	7	20	20	4	0.13301	1001
0.025278	0.017482	0.0097096
0.51107	0.24286	0.67477	7	20	20	8	0.14345	1001
0.048865	0.015498	0.059476
0.52178	0.13302	0.79165	7	20	20	12	0.17844	1001
0.057246	0.051213	0.049242
0.49637	0.11504	0.81053	7	20	20	16	0.37563	1001
0.053533	0.039518	0.067007
0.4873	0.29888	0.63793	7	20	50	4	0.13592	1001
0.0015424	0.0027151	0.0015424
0.50817	0.22905	0.69292	7	20	50	8	0.10669	1001
0.023116	0.039811	0.037846
0.50254	0.13729	0.76679	7	20	50	12	0.21711	1001
0.066768	0.059458	0.084136
0.52051	0.12128	0.79274	7	20	50	16	0.20443	1001
0.056133	0.040623	0.089937
0.48221	0.28126	0.65209	7	20	100	4	0.15236	1001
0.010089	0.0035644	0.0071093
0.49093	0.21169	0.698	7	20	100	8	0.23138	1001
0.059798	0.051021	0.0531
0.50762	0.16714	0.75118	7	20	100	12	0.36309	1001
0.070337	0.099564	0.090277
0.51924	0.14462	0.77332	7	20	100	16	0.33934	1001
0.057668	0.06327	0.064527
0.45191	0.24337	0.65699	7	20	500	4	0.16716	1001
1.1703e-16	0.0002498	1.1703e-16
0.5265	0.2339	0.72414	7	20	500	8	0.28537	1001
0.028484	0.01636	0.039028
0.502	0.17181	0.71034	7	20	500	12	0.39958	1001
0.084855	0.052386	0.074355
0.5196	0.16445	0.73176	7	20	500	16	0.3644	1001
0.07251	0.041223	0.10518
0.45064	0.237	0.65481	7	20	1000	4	0.10389	1001
0.0014941	0.0068848	0.0023894
0.54029	0.2305	0.73285	7	20	1000	8	0.21542	1001
0.037116	0.053084	0.035345
0.52795	0.1803	0.76534	7	20	1000	12	0.16766	1001
0.056895	0.079223	0.060059
0.52777	0.14192	0.79147	7	20	1000	16	0.12923	1001
0.066081	0.058726	0.085308
0.44846	0.23797	0.65281	7	20	10000	4	0.1125	1001
0.002487	0.0072654	0.0030906
0.55463	0.26346	0.74011	7	20	10000	8	0.26379	1001
0.075473	0.05664	0.043706
0.50163	0.12871	0.81561	7	20	10000	12	0.25225	1001
0.067285	0.060589	0.04013
0.51325	0.12504	0.751	7	20	10000	16	0.23545	1001
0.053925	0.076222	0.10963
0.56987	0.0080017	0.99456	7	24	0.01	4	0.112	1001
0	1.5299e-18	0
0.56788	0.0061775	0.99456	7	24	0.01	8	0.15163	1001
0.0019973	0.0018443	0
0.56679	0.0051242	0.99456	7	24	0.01	12	0.14447	1001
0.0019226	0.0014602	0
0.56534	0.0040977	0.99456	7	24	0.01	16	0.27596	1001
0.0019603	0.001056	0
0.60109	0.10888	0.89111	7	24	0.1	4	0.5073	1001
0.025304	0.085367	0.089034
0.57459	0.025957	0.9784	7	24	0.1	8	0.79806	1001
0.01557	0.057973	0.051079
0.56697	0.0051015	0.99456	7	24	0.1	12	0.45466	1001
0.0009372	0.00086908	0
0.56407	0.0034305	0.99456	7	24	0.1	16	0.47545	1001
0.0018744	0.00085883	0
0.48494	0.18526	0.6755	7	24	1	4	0.33087	1001
0.00076522	0.0013021	0.00076522
0.48403	0.14872	0.75136	7	24	1	8	0.39715	1001
0.061588	0.035331	0.035718
0.56951	0.071215	0.92922	7	24	1	12	0.46985	1001
0.059093	0.048346	0.042183
0.57405	0.14243	0.87586	7	24	1	16	0.53098	1001
0.083058	0.060471	0.06605
0.4882	0.2547	0.66443	7	24	10	4	0.22038	1001
0.0033135	0.0077087	0.017791
0.49619	0.15208	0.73448	7	24	10	8	0.35941	1001
0.081233	0.057257	0.094452
0.5196	0.10845	0.83303	7	24	10	12	0.29869	1001
0.053927	0.054452	0.080097
0.59002	0.10386	0.87713	7	24	10	16	0.45383	1001
0.042909	0.060674	0.060876
0.51833	0.24145	0.73194	7	24	20	4	0.20118	1001
0.0017533	0.0020342	0.00087667
0.49165	0.14857	0.74483	7	24	20	8	0.34053	1001
0.095926	0.062739	0.085474
0.47169	0.13855	0.77405	7	24	20	12	0.36709	1001
0.074929	0.047528	0.056977
0.58403	0.14438	0.82505	7	24	20	16	0.29035	1001
0.080233	0.070643	0.099188
0.52269	0.22934	0.7314	7	24	50	4	0.16528	1001
0	4.8956e-17	0
0.48784	0.13638	0.74483	7	24	50	8	0.40054	1001
0.11138	0.091962	0.11121
0.54446	0.1341	0.80073	7	24	50	12	0.16459	1001
0.056427	0.085471	0.12034
0.54664	0.1198	0.80962	7	24	50	16	0.22996	1001
0.075612	0.060576	0.11934
0.52269	0.24068	0.73321	7	24	100	4	0.1736	1001
0	3.7007e-17	1.1703e-16
0.52831	0.12451	0.79347	7	24	100	8	0.27162	1001
0.098512	0.08421	0.088795
0.51924	0.13399	0.78911	7	24	100	12	0.15408	1001
0.076892	0.073307	0.092136
0.54574	0.13169	0.80907	7	24	100	16	0.14494	1001
0.069008	0.066538	0.10714
0.53956	0.23588	0.7539	7	24	500	4	0.20962	1001
0.027177	0.0077283	0.033314
0.5686	0.20101	0.77877	7	24	500	8	0.29035	1001
0.099431	0.0887	0.091701
0.50563	0.16736	0.76407	7	24	500	12	0.11142	1001
0.065817	0.08518	0.083199
0.55245	0.14105	0.81688	7	24	500	16	0.27453	1001
0.086656	0.061845	0.10717
0.53376	0.23637	0.74646	7	24	1000	4	0.16753	1001
0.024311	0.0082228	0.0289
0.49056	0.1177	0.7559	7	24	1000	8	0.23048	1001
0.088515	0.085455	0.10998
0.5167	0.128	0.82287	7	24	1000	12	0.10395	1001
0.071856	0.054282	0.075769
0.56134	0.15066	0.81053	7	24	1000	16	0.14609	1001
0.084048	0.08561	0.076748
0.53521	0.24746	0.74047	7	24	10000	4	0.083596	1001
0.049809	0.025171	0.033168
0.51906	0.12668	0.76443	7	24	10000	8	0.32317	1001
0.04957	0.084909	0.092896
0.49982	0.14879	0.77423	7	24	10000	12	0.29138	1001
0.076216	0.061079	0.086997
0.52015	0.084472	0.83575	7	24	10000	16	0.20991	1001
0.056005	0.051601	0.10098
Dataset:prokaryotic_Per0.1_Date:03-Aug-2025 14:34:29
